0.886309976	0.975959674	0.591133696	0.846470388	0.673919645	0.870052352	0.000000000	0.000000000	0.810000000
0.901765254	0.978847994	0.599197817	0.849021979	0.689549009	0.874032056	-0.116429939	-0.060787476	0.800000000
0.918575684	0.983256582	0.606587229	0.853483463	0.699930062	0.878470124	-1.051912640	-0.079263407	0.760000000
0.892320478	0.978105528	0.615932030	0.858144267	0.718814960	0.884990410	-0.117378065	-0.155021623	0.810000000
0.883544147	0.976587459	0.642750522	0.864778821	0.762382918	0.892430680	-1.421951489	-0.336706884	0.770000000
0.878394842	0.974835885	0.658750338	0.872579159	0.782181951	0.897749246	-1.927945077	-0.404806227	0.750000000
0.886426034	0.975638666	0.648845452	0.876788157	0.756763075	0.895033934	0.121809053	-0.113565503	0.780000000
0.868548834	0.970616397	0.643036087	0.879558350	0.742130148	0.891225053	-0.121809053	-0.236854240	0.800000000
0.849821186	0.965809606	0.643809633	0.878032012	0.754543762	0.893407000	0.606701597	0.197728058	0.800000000
0.833685263	0.961764336	0.648718382	0.874070308	0.768504767	0.892702416	2.034746636	-0.067109092	0.760000000
0.828573368	0.960387695	0.633788631	0.870336364	0.744847633	0.889744558	1.528468691	0.296059279	0.740000000
0.830192609	0.960771038	0.624492515	0.867607570	0.728819913	0.886780194	1.390644625	0.356341202	0.700000000
0.813597918	0.957319234	0.610325745	0.864795992	0.711185400	0.885920817	1.143870886	0.270120423	0.680000000
0.813670337	0.957138255	0.605481253	0.863041799	0.707212572	0.888003144	0.906091070	0.322815971	0.660000000
0.824087984	0.959444847	0.608901163	0.858754017	0.723558011	0.891024233	-0.112611488	0.165614744	0.670000000
0.825696859	0.960949910	0.609184624	0.853843395	0.728072701	0.890880449	1.900529422	0.246074865	0.710000000
0.837123701	0.963900990	0.605211840	0.848911582	0.718612481	0.887525766	1.538237800	0.404521670	0.720000000
0.846635061	0.967259148	0.593730890	0.845664539	0.699072464	0.884732860	0.868705831	0.233546916	0.680000000
0.864420222	0.973206022	0.598962671	0.845290655	0.709102816	0.886639875	-0.868705831	0.036442485	0.660000000
0.888468606	0.979934601	0.595254178	0.844208880	0.699867454	0.885121387	1.622489864	0.537801765	0.650000000
0.938016504	0.992190583	0.582788303	0.840360895	0.678887456	0.878147020	0.535286860	0.161139964	0.650000000
1.010129267	1.009313410	0.582532923	0.837508153	0.675207217	0.875543108	0.213238811	0.588035389	0.690000000
1.063222358	1.021702925	0.579680314	0.836047270	0.666716169	0.871817016	-0.106753299	0.044952306	0.720000000
1.064313590	1.023117096	0.572991576	0.832855225	0.652048254	0.866699077	-0.213466815	0.030556030	0.740000000
1.037949518	1.017174526	0.563987189	0.827812935	0.644938450	0.861508850	0.956843160	0.183140369	0.710000000
1.014197332	1.010275403	0.554000557	0.821566433	0.634346686	0.855604846	0.105963082	0.164898231	0.710000000
1.018457255	1.009484811	0.550379875	0.816454596	0.626771339	0.851280533	0.632303787	0.248625089	0.710000000
1.005750613	1.005714889	0.548187314	0.812278928	0.623488095	0.848631055	0.104808621	0.114267362	0.710000000
1.020382909	1.006767020	0.547139783	0.806646796	0.631652142	0.847252692	0.418887228	0.026762536	0.710000000
0.956602595	0.990333843	0.544048892	0.800779361	0.638440444	0.846385788	0.000000000	-0.049962529	0.680000000
0.914277851	0.978002520	0.542256118	0.796095793	0.646136783	0.846349923	0.728671244	0.156941108	0.700000000
0.851084208	0.962121970	0.536142655	0.791878561	0.641080072	0.845552737	1.134905824	0.202944545	0.700000000
0.801522632	0.948314905	0.526022454	0.789424297	0.631227003	0.845858497	0.613553849	0.163480028	0.690000000
0.768777021	0.937905661	0.530462277	0.790323351	0.642336507	0.848904889	0.913148881	0.457034329	0.660000000
0.742227937	0.928653827	0.529276231	0.790286166	0.641680974	0.848130357	1.204942064	0.063606490	0.630000000
0.722219889	0.921761351	0.525401237	0.790824934	0.631209596	0.847863229	0.298802517	0.074156474	0.610000000
0.704275862	0.915862493	0.524098234	0.792071035	0.627180631	0.848994341	-0.398840397	0.239749084	0.580000000
0.698683998	0.912838129	0.525537531	0.794501236	0.626116293	0.850159463	0.199619040	0.204038627	0.540000000
0.682917495	0.907005106	0.526853600	0.794452613	0.628243755	0.853379640	0.992161431	0.293016080	0.530000000
0.664601808	0.900221397	0.523508070	0.793812137	0.628738325	0.857558678	0.688526618	0.362011920	0.510000000
0.650368887	0.894455890	0.527480076	0.795040946	0.638430253	0.863444395	0.488868477	-0.050637775	0.510000000
0.631771908	0.888092877	0.535276037	0.794943730	0.655187642	0.866611099	-0.195330648	0.183222143	0.500000000
0.621876404	0.883718169	0.542066937	0.794173858	0.670834628	0.870968514	0.876172202	0.221163899	0.440000000
0.613992846	0.880361530	0.537100237	0.792475605	0.669106913	0.872960981	0.675893048	0.458182998	0.470000000
0.610588428	0.878548074	0.530530049	0.790627940	0.666207315	0.874239604	0.000000000	0.254217640	0.450000000
0.605360038	0.876787578	0.538829600	0.791323194	0.686467079	0.877351011	1.622924814	0.041443620	0.450000000
0.597934104	0.874781729	0.524897582	0.790669050	0.663014700	0.877123194	0.566625441	0.287903932	0.440000000
0.596198787	0.874490977	0.521995401	0.793359745	0.657762680	0.880240181	0.282281247	0.226979721	0.440000000
0.602300771	0.876738906	0.528659006	0.799465171	0.667525811	0.887361257	0.655017595	0.329235340	0.430000000
0.609982677	0.879292618	0.543853323	0.805789748	0.691124075	0.895258596	0.650755020	0.352040831	0.410000000
0.616915216	0.881815271	0.567285840	0.814330659	0.725263217	0.906325468	0.370061856	0.483314703	0.400000000
0.620631036	0.883243198	0.607298857	0.825499811	0.793094742	0.922522969	-1.394682841	-0.185221426	0.390000000
0.632568748	0.887157009	0.619931270	0.831448212	0.809855784	0.929650291	3.043220355	0.716885395	0.380000000
0.651679141	0.892903879	0.594510545	0.824293025	0.756500200	0.914023563	1.173772072	0.343903641	0.370000000
0.679286303	0.900894829	0.568821089	0.816127018	0.711854082	0.901999947	1.071216892	0.272259924	0.370000000
0.682149846	0.902501621	0.552437335	0.810419234	0.680293080	0.892899577	0.619960074	0.363536247	0.370000000
0.694929446	0.906815659	0.542014244	0.806453650	0.667399306	0.887270471	1.315193347	0.338890002	0.360000000
0.722632160	0.914610353	0.538799647	0.803626692	0.658058243	0.880949950	0.434478369	0.425737784	0.370000000
0.753658079	0.923211553	0.532538363	0.801544882	0.644694557	0.875686372	0.777458656	0.385918608	0.370000000
0.797955446	0.934656188	0.532343112	0.802680629	0.635761173	0.873098293	0.771766400	0.326781496	0.390000000
0.777987548	0.930579269	0.537322448	0.804063045	0.645617538	0.873053034	0.934915965	0.448818292	0.400000000
0.766380256	0.928328484	0.535390613	0.802519665	0.643368540	0.869480298	0.422007197	0.433747846	0.390000000
0.762072155	0.928020047	0.546135064	0.803091689	0.656744091	0.868669938	0.252592670	0.426995874	0.390000000
0.766503145	0.929559213	0.542850231	0.803869884	0.647520199	0.868506590	1.003442954	0.370106260	0.370000000
0.771530709	0.931101661	0.541916362	0.807081988	0.643136482	0.869646019	0.414999370	0.451037421	0.350000000
0.778901194	0.934214935	0.552805755	0.813697180	0.645206359	0.872556079	1.235056445	0.521245087	0.340000000
0.795822443	0.939432657	0.555744036	0.817428412	0.641228741	0.872608422	0.977294744	0.331600877	0.320000000
0.812826174	0.945104562	0.562666231	0.824022161	0.650974363	0.876906112	0.646263702	0.427692076	0.340000000
0.843236544	0.953561114	0.570336310	0.830708363	0.661240144	0.880364300	1.359171440	0.628633368	0.400000000
0.883045591	0.963885072	0.582389042	0.835806839	0.673327454	0.881610044	0.159028596	0.385381277	0.450000000
0.936210319	0.976588407	0.589367367	0.839859522	0.675424028	0.881737332	0.946929437	0.432570849	0.500000000
0.920600852	0.975757634	0.586528020	0.841924308	0.662031669	0.879565132	0.470263156	0.624312587	0.510000000
0.933052068	0.980487408	0.587928525	0.844769230	0.655321785	0.876329399	0.545720694	0.297482522	0.520000000
0.969479659	0.989792313	0.594164781	0.848691991	0.656647172	0.874371664	0.077876425	0.319856182	0.520000000
0.936230233	0.984553085	0.599468761	0.852786842	0.664877437	0.874731185	0.927888925	0.212154844	0.600000000
0.929744642	0.984341000	0.597870042	0.851770468	0.672785375	0.876026830	0.690651807	0.324329618	0.690000000
0.934339897	0.985493646	0.600736159	0.852623458	0.681046043	0.878854774	-0.690651807	0.254094521	0.780000000
0.948042350	0.987698365	0.600147263	0.855075986	0.677841228	0.880806746	0.230839281	0.277993406	0.790000000
0.992253066	0.995426899	0.606596873	0.857589176	0.686937538	0.884534578	0.470480724	0.316981744	0.770000000
0.940029394	0.985182118	0.607119667	0.858662624	0.696505845	0.886981357	-1.140530465	0.032101502	0.790000000
0.916415531	0.980080414	0.597139727	0.854780883	0.687282906	0.883557170	-0.565163708	0.155775166	0.720000000
0.893649746	0.975456412	0.598600790	0.852263138	0.691627504	0.881943221	0.938518977	-0.096185416	0.720000000
0.888041411	0.974551896	0.596233824	0.851506305	0.689683911	0.882012435	-0.876213853	0.231908927	0.720000000
0.892173748	0.974623692	0.596987157	0.854468255	0.686814700	0.885469390	-0.012513539	0.199438290	0.710000000
0.882819060	0.973077591	0.604331101	0.859177113	0.698084151	0.891594792	-0.228020429	0.208148240	0.680000000
0.865737637	0.969644597	0.612730007	0.860173200	0.723779269	0.900159387	1.897872020	0.386279252	0.710000000
0.869360913	0.970795958	0.609700472	0.859864897	0.722595082	0.902605425	-0.162585640	0.033256240	0.750000000
0.875255950	0.972652323	0.613220617	0.861519179	0.728443029	0.905380060	0.811112784	0.092152678	0.700000000
0.874711269	0.972243994	0.630449795	0.867378064	0.750723713	0.913029376	1.419948396	0.719189426	0.650000000
0.892448265	0.976625553	0.638375903	0.869358947	0.751565008	0.914142980	1.071432635	0.294903771	0.740000000
0.901094985	0.979853542	0.647545526	0.871039920	0.766370492	0.919816273	-0.107662904	-0.142103909	0.670000000
0.919161728	0.983552886	0.625862388	0.866500668	0.743138917	0.912976405	0.357545240	0.611850887	0.700000000
0.930501697	0.986420911	0.608099031	0.863484863	0.715461775	0.902736988	0.311740945	0.118950278	0.740000000
0.968322568	0.994932597	0.610705023	0.864246215	0.716113214	0.897938173	0.144585763	0.385614123	0.760000000
0.927038110	0.986591905	0.602263588	0.859577484	0.710522827	0.893321329	1.115654519	0.144961862	0.760000000
0.896682948	0.980701485	0.595001659	0.857222548	0.696460723	0.890578071	0.366542948	0.370324346	0.790000000
0.886473126	0.978904393	0.587897074	0.853772734	0.685935910	0.886062599	-0.153363716	0.324930999	0.740000000
0.878999730	0.977124480	0.586131805	0.852780876	0.682117828	0.883710612	0.278527151	0.297538566	0.800000000
0.884968972	0.978698784	0.581249694	0.851427590	0.672219917	0.881165130	0.378165124	0.232430759	0.820000000
0.887867008	0.979618405	0.588474190	0.853245909	0.678178633	0.880461214	0.198203859	0.339633144	0.750000000
0.912741845	0.985354240	0.593319417	0.857432195	0.678399329	0.879906517	1.285319359	0.384881198	0.820000000
0.917027797	0.987876277	0.591129166	0.861959189	0.658515917	0.876446751	0.315217487	0.377629201	0.780000000
0.929722042	0.990986489	0.591390681	0.865687675	0.650687741	0.873454144	0.603292645	0.276888643	0.730000000
0.963969710	0.999293955	0.598434865	0.873350535	0.653803920	0.873133846	0.637723638	0.376604967	0.640000000
0.955568873	0.998365214	0.604349412	0.882581159	0.652692960	0.872555816	0.781296822	0.293685967	0.660000000
0.965602385	1.001284061	0.615557512	0.893689249	0.661184995	0.874936725	-0.368697489	0.238610742	0.650000000
1.002120909	1.009587370	0.626444705	0.903515887	0.667138550	0.876355884	-0.378818127	0.364672769	0.730000000
1.068014984	1.024025707	0.628520648	0.904171402	0.670694923	0.880410899	0.972245960	0.436991700	0.720000000
1.070512548	1.026648013	0.628070600	0.903822006	0.675801210	0.882390725	0.526605091	0.131574312	0.760000000
1.057644278	1.025723062	0.626297611	0.903185662	0.677424340	0.884240705	0.229443724	0.390870784	0.890000000
1.056481522	1.026694911	0.627577939	0.901072691	0.685514639	0.888632221	-0.022379590	-0.125420139	0.910000000
1.075391699	1.031675655	0.628312280	0.899971872	0.688513667	0.891339952	0.029264610	0.285841208	0.890000000
1.086476148	1.034380337	0.642493411	0.902406330	0.713398555	0.897572797	-0.947195286	-0.046411218	0.900000000
1.092096216	1.037334686	0.646854840	0.907886648	0.711813038	0.903074141	-0.268692084	0.214997940	0.930000000
1.113849541	1.043969878	0.670052716	0.916143208	0.739517439	0.912927506	-1.869124075	-0.089877548	0.950000000
1.131095282	1.048178286	0.665418376	0.919868161	0.715139277	0.908483132	-0.065954864	0.179674389	0.850000000
1.163270347	1.054668102	0.664357148	0.922468804	0.710879885	0.906529026	-0.129753575	0.207346876	0.790000000
1.233764551	1.067480867	0.670334326	0.922435872	0.721371265	0.906735480	-0.257465886	-0.145658289	0.870000000
1.205748497	1.061743598	0.668134949	0.919904921	0.720507100	0.908580709	-0.116739366	-0.315854015	0.870000000
1.165100094	1.053687390	0.660521116	0.912814716	0.716443830	0.908089930	-0.323912571	-0.132252819	0.770000000
1.129460468	1.045623471	0.658716239	0.910155683	0.721464048	0.912318228	0.245329913	0.033783309	0.960000000
1.095020256	1.037370599	0.665070247	0.909781351	0.741717648	0.917032785	-0.178571248	-0.169030790	1.310000000
1.084295784	1.033641599	0.676086386	0.909176035	0.775493646	0.923861015	-0.691740647	0.021144480	1.300000000
1.059567142	1.026732523	0.704759445	0.914077824	0.831205410	0.935717661	-2.020559729	-0.606503729	1.300000000
1.028785506	1.018813402	0.701708349	0.915356302	0.824560774	0.937929052	-0.607686738	-0.156108115	1.330000000
1.016497491	1.013989128	0.723770841	0.920912253	0.859234934	0.945769991	2.270755024	0.539665188	1.480000000
0.991970855	1.007511670	0.688803366	0.910718153	0.791716372	0.929040279	0.766032827	0.107302207	1.380000000
0.944338452	0.996842295	0.656635227	0.903009032	0.732079122	0.915140043	-0.190701869	-0.084702699	1.310000000
0.924104416	0.991605795	0.631866839	0.895191881	0.693822385	0.904063095	-0.108217469	0.074824413	1.250000000
0.908195975	0.987172110	0.620771528	0.891111120	0.678486935	0.899290909	0.559870664	0.250888106	1.200000000
0.908961084	0.986630065	0.619425771	0.887523285	0.677957354	0.893952180	0.506128694	0.295184494	1.090000000
0.902075201	0.984085551	0.628225620	0.885355425	0.690321616	0.890322744	0.418474400	0.008421053	1.110000000
0.916780963	0.986497542	0.635011825	0.884877791	0.697134373	0.887249884	-0.290562512	0.086976045	1.120000000
0.910698024	0.984717582	0.630992137	0.884348228	0.691223278	0.885059814	-0.582136427	0.077092901	1.170000000
0.902167252	0.982456285	0.627708775	0.885326143	0.686523603	0.885888810	1.612161108	0.345486297	1.150000000
0.910940034	0.983964704	0.617861500	0.883381701	0.672049068	0.882440868	0.745769057	0.034901822	1.090000000
0.910894257	0.983445330	0.619396177	0.883397831	0.668895201	0.882718777	0.423527817	0.284344527	1.120000000
0.930098771	0.987482600	0.635080287	0.888375050	0.682449021	0.886724871	1.147917876	0.364005570	1.130000000
0.882454161	0.976444892	0.645217054	0.888429871	0.692079604	0.889822895	2.377355124	0.466265813	1.040000000
0.841906755	0.966461969	0.618075760	0.879407587	0.658558430	0.884066209	0.936147877	0.285326561	0.960000000
0.816448791	0.959578056	0.598257310	0.872733814	0.638461889	0.879562780	0.724202241	0.402481364	1.000000000
0.802979547	0.955682988	0.588253603	0.866360258	0.634766767	0.876747103	1.039544330	0.298409617	0.940000000
0.803700850	0.955793145	0.585350633	0.864800090	0.637060755	0.878505771	-0.055612935	0.414649711	0.930000000
0.810814460	0.958108151	0.591978580	0.867677214	0.648924080	0.883705288	0.286612730	0.398025344	0.970000000
0.817136191	0.960263035	0.608365061	0.874101843	0.677367230	0.891772691	-0.025174062	-0.070523778	1.020000000
0.825934800	0.963066321	0.617241700	0.880687463	0.691383535	0.898285095	1.306242359	0.581687989	1.000000000
0.839388589	0.966779434	0.620162366	0.885099537	0.683415229	0.895485820	0.755310510	0.168462517	0.870000000
0.854952962	0.970947617	0.639218458	0.890828294	0.695399883	0.896311544	1.343093698	0.550573449	0.850000000
0.888860311	0.979346903	0.641939165	0.895236971	0.686133889	0.893941936	1.157721617	0.392943569	0.870000000
0.913211799	0.986324076	0.651394852	0.903895074	0.681715016	0.894648781	1.146673562	0.403363234	0.850000000
0.953164235	0.996532513	0.664190840	0.915456824	0.677325937	0.894502628	0.648761491	0.465237334	0.750000000
0.987317583	1.005156857	0.677367781	0.930803816	0.678779816	0.897018176	1.486112134	0.522297709	0.750000000
1.001365157	1.010464478	0.677567300	0.940525813	0.666038685	0.895496109	0.033402401	0.351932708	0.740000000
1.044194562	1.021062174	0.680827428	0.949816932	0.658196600	0.893943896	-0.147054094	0.222600589	0.830000000
1.069798863	1.027353272	0.685718659	0.963041821	0.641386884	0.891087415	0.637536682	0.249508624	0.770000000
1.089566988	1.033876064	0.708797735	0.980844576	0.644190423	0.892835401	0.072229792	0.313939281	0.760000000
1.136613183	1.045341984	0.751027204	1.007754601	0.658333707	0.898124847	0.422899605	0.031209769	0.790000000
1.162594680	1.051671567	0.783432528	1.024354201	0.676935433	0.904076024	-0.168475127	0.331003632	0.850000000
1.203825361	1.060819352	0.785539323	1.025543729	0.691256972	0.909043278	0.892306477	0.142448322	1.000000000
1.229667025	1.066903892	0.788273193	1.024776440	0.711178507	0.913756757	0.662675601	0.426131506	0.810000000
1.298267298	1.079415644	0.776571686	1.019439752	0.707113024	0.916044482	0.524652468	0.393524087	0.750000000
1.212533475	1.064429732	0.778463496	1.016864643	0.717456940	0.918329903	-0.233235402	0.157745934	0.800000000
1.165448805	1.055140512	0.787810244	1.014931893	0.724677303	0.916356890	-0.707847567	0.088382793	0.650000000
1.119070239	1.046848054	0.777142032	1.012673150	0.710300461	0.915472709	-0.302390894	0.191867440	0.680000000
1.106845896	1.045275145	0.772466764	1.012711383	0.709510337	0.919293748	0.023309628	0.053656980	0.610000000
1.123268084	1.049303173	0.778013062	1.015197602	0.724181537	0.923649227	-0.307487852	0.109779304	0.620000000
1.142968196	1.054437622	0.772466366	1.018052112	0.716833559	0.928146381	0.754615096	0.210286258	0.680000000
1.156515842	1.059199155	0.771967044	1.023934870	0.709203676	0.931670914	-0.109535624	0.069997267	0.800000000
1.200890037	1.069798567	0.785484352	1.031874696	0.723117335	0.936349711	0.044124152	0.041974854	0.760000000
1.257373347	1.081837816	0.803225368	1.035184374	0.754263444	0.944524018	-0.983783486	-0.020349244	0.770000000
1.296636130	1.090513834	0.808600429	1.032878128	0.777119482	0.956695409	0.058815007	-0.010176175	0.940000000
1.325838559	1.096321386	0.818634140	1.033215565	0.809644559	0.967752775	-0.389546986	0.022894938	1.210000000
1.316833561	1.091278641	0.848600598	1.033700574	0.882423290	0.985091667	-3.343034478	-0.469119351	1.710000000
1.327206600	1.089982240	0.857464980	1.029899693	0.909596401	0.986427722	-3.588551756	-0.774770099	1.740000000
1.377085935	1.094885899	0.827167893	1.017560760	0.858041773	0.971515365	-1.393678400	-0.464654862	1.980000000
1.248649996	1.072151747	0.808421794	1.004198066	0.829124699	0.960884806	-2.346065902	-0.490222489	2.030000000
1.169143383	1.056095240	0.784189075	0.994152727	0.801500199	0.953370839	-1.070782642	-0.351636120	1.810000000
1.106888655	1.042902736	0.770142996	0.984507419	0.787526293	0.948564955	0.112737009	-0.245575200	1.630000000
1.072570362	1.034157623	0.758682165	0.972462742	0.773914845	0.938398521	-0.239326920	0.211648586	1.790000000
1.041730050	1.026648356	0.756745714	0.962991833	0.766493459	0.929386629	0.663892894	-0.134514820	1.850000000
1.021511533	1.021019597	0.748429146	0.956653500	0.765549999	0.924297613	0.939076879	0.324876826	1.710000000
0.997624659	1.013796403	0.716885332	0.943260399	0.734977498	0.914127469	1.062441706	0.501547269	1.640000000
0.980085250	1.008794186	0.690701713	0.931144491	0.705553738	0.905248022	1.230703738	0.097159706	1.660000000
0.971004732	1.005737191	0.668508865	0.923397016	0.679592137	0.899752666	0.433338826	0.394146473	1.760000000
0.971345927	1.004166347	0.654766857	0.917719316	0.666316752	0.896349047	0.222525362	0.186837667	1.780000000
0.995682794	1.007813044	0.662826034	0.915957071	0.680211901	0.897837034	1.245345538	0.434174531	1.770000000
1.053783982	1.017552570	0.668912850	0.916627074	0.693421351	0.897989316	1.437227766	0.623548569	1.810000000
0.960699485	0.996461784	0.652471070	0.908102105	0.678039612	0.890837053	0.967511454	0.395365465	1.690000000
0.889911934	0.979037651	0.634908137	0.899144247	0.661781293	0.885828307	0.123717939	0.293920372	1.600000000
0.845681918	0.966432562	0.627049989	0.893409117	0.662089599	0.883677257	0.568946005	0.306932747	1.540000000
0.817974059	0.957329275	0.622078635	0.889059516	0.661118446	0.882184040	0.442748043	0.023959194	1.280000000
0.793968120	0.950379244	0.612410991	0.883741342	0.654627222	0.879818622	0.032677696	0.081922279	1.270000000
0.769557635	0.942933808	0.603489073	0.880311540	0.645400439	0.876540692	0.573735325	0.215198638	1.260000000
0.758975122	0.938813925	0.604663708	0.878698751	0.649519039	0.875629861	0.694601888	0.197173080	1.190000000
0.753896913	0.937039796	0.612893671	0.881705427	0.659746789	0.878392371	0.291003952	0.235594986	1.020000000
0.763736357	0.938836041	0.623223518	0.884167075	0.667888741	0.881943635	0.036046265	0.016270643	0.970000000
0.778063036	0.941210600	0.631798533	0.884197648	0.686069538	0.885551444	1.450443414	0.414632608	0.980000000
0.788800997	0.945208112	0.633730526	0.884694460	0.682046445	0.884432825	1.027570804	0.262625785	1.140000000
0.763959109	0.940458360	0.641814478	0.883914787	0.695300004	0.886074646	-0.535533313	0.302842480	1.120000000
0.736661199	0.932629567	0.633593892	0.882446658	0.688436731	0.886302013	1.495744506	0.366155778	1.080000000
0.719849642	0.927542366	0.616457808	0.876689936	0.674254946	0.882446380	1.271321204	0.496370624	1.020000000
0.716672987	0.926099946	0.594151438	0.869556567	0.639478534	0.871641195	0.894240167	0.414419426	1.030000000
0.725660040	0.928016747	0.586592036	0.867835560	0.623813126	0.864666001	0.872762954	0.439512849	0.960000000
0.742659682	0.932791763	0.579025538	0.864945403	0.616530919	0.861569074	0.721126933	0.484880368	0.960000000
0.739640890	0.932616703	0.578516538	0.864340140	0.615441481	0.860809834	0.167945021	0.420992129	0.930000000
0.743286867	0.934297248	0.578106695	0.866077449	0.613054689	0.861669513	0.009622710	0.286902734	0.840000000
0.755608024	0.938437684	0.586126391	0.866234548	0.622800015	0.865339585	0.476966086	0.549801512	0.880000000
0.784969665	0.946908451	0.596619594	0.869067190	0.630439585	0.870377907	0.200903735	0.313161390	0.850000000
0.812464016	0.953728020	0.604180420	0.871513806	0.646174112	0.878008280	0.092344012	0.451279886	0.870000000
0.808832319	0.954807170	0.627114812	0.878556246	0.678840281	0.890565319	0.149877383	0.278797910	0.800000000
0.826467034	0.960820969	0.659198989	0.890061334	0.732269193	0.906606352	-1.381216433	0.221297937	0.760000000
0.834209384	0.963235236	0.649422500	0.893401131	0.722593304	0.911107550	0.490789411	0.416414137	0.730000000
0.858620764	0.969890889	0.651272097	0.896474090	0.733969023	0.914347610	1.874731682	0.602082695	0.750000000
0.884801721	0.977510066	0.644040851	0.899757086	0.716183707	0.913025502	2.073989816	0.818071966	0.760000000
0.891286668	0.979583025	0.625695681	0.901361935	0.675057604	0.906621597	0.354607573	0.400760358	0.800000000
0.911109509	0.984909894	0.616022381	0.902205503	0.657540028	0.902413917	0.685257835	0.509628683	0.840000000
0.953577430	0.995359239	0.616251543	0.906857515	0.651776373	0.900959755	-0.030318256	0.291692712	0.720000000
1.001415171	1.006206561	0.613974025	0.911770662	0.634864823	0.897545799	0.363593846	0.315995821	0.790000000
1.062898568	1.019955032	0.618464359	0.916761985	0.634042997	0.897051265	0.254299987	0.156482936	0.730000000
1.166039645	1.040199438	0.625463658	0.923924807	0.634721174	0.900704878	0.810569342	0.382749425	0.700000000
1.091574430	1.026948604	0.635792608	0.931011012	0.642648550	0.903720979	0.746407008	0.495620397	0.800000000
1.034631029	1.015764839	0.642214261	0.932948929	0.652623270	0.907576984	0.553248926	0.318529163	0.780000000
1.014936786	1.011191953	0.663910657	0.939702026	0.674777158	0.915889859	-0.648090167	0.154381014	0.880000000
0.992395764	1.006239141	0.675056725	0.946120644	0.685647449	0.920675327	0.530179092	0.274367104	0.820000000
0.979581635	1.003413718	0.694000923	0.956035349	0.718770089	0.931681479	0.311651559	0.477220931	0.890000000
0.939802667	0.995022219	0.732714056	0.969252102	0.779249523	0.943847401	-1.089813348	-0.069313243	0.950000000
0.927167503	0.992459471	0.727072140	0.978576038	0.755413891	0.942435574	0.756978773	0.416274337	0.970000000
0.935504906	0.995007059	0.717598829	0.984459666	0.722034393	0.934400386	-0.013009339	0.353530107	1.090000000
0.944733190	0.997937538	0.725326517	0.993801790	0.717493241	0.931688648	-0.122556670	0.117566172	1.090000000
0.980752721	1.006806927	0.744429184	1.009022462	0.725739162	0.933622479	-0.681537342	0.090852692	1.120000000
1.011412956	1.014629685	0.758407835	1.028032184	0.720065278	0.936835413	0.108422815	0.031003975	1.100000000
1.069612324	1.027865828	0.776124240	1.051786760	0.707679259	0.941010322	0.527512642	0.173665886	1.270000000
1.074326820	1.030766640	0.786643947	1.066300749	0.707791645	0.946933421	-0.100397407	0.103834140	1.230000000
1.069237217	1.031013887	0.800015364	1.079688870	0.712776669	0.954480695	0.091274534	0.107035084	1.320000000
1.094018407	1.036851311	0.837406541	1.099964481	0.742565593	0.967067793	0.471992072	0.142168367	1.330000000
1.127344849	1.043818361	0.884733430	1.127525286	0.778573351	0.983770872	0.034647499	0.088064998	1.190000000
1.183689048	1.054810810	0.937315439	1.155205671	0.837374882	1.005425678	-0.335677575	0.123160850	1.490000000
1.113907889	1.041611190	0.986583099	1.180077019	0.900103223	1.030862920	-2.061034218	-0.158377543	2.150000000
1.051435404	1.029061194	0.976025386	1.179175507	0.865159682	1.025956771	-2.440400898	-0.475537254	2.180000000
1.003859382	1.018511994	0.947934587	1.164522173	0.826392514	1.014497835	-1.236997678	-0.354535653	2.130000000
0.984177447	1.013669697	0.937685046	1.153394428	0.822009522	1.007642880	-0.788332319	-0.291214860	1.580000000
0.936963433	1.002729251	0.927297124	1.145565526	0.819916642	1.002968140	0.382392984	0.288995055	1.510000000
0.911135478	0.996410130	0.908704125	1.135513471	0.795244009	0.987611430	1.613184860	0.125341795	1.680000000
0.903520949	0.994860700	0.895442835	1.129903157	0.774786096	0.974712330	1.230889446	0.311011258	1.920000000
0.912923499	0.997072883	0.883472213	1.130592956	0.747442583	0.965873652	1.730436279	0.283603609	1.670000000
0.895419822	0.991804935	0.881415018	1.134143444	0.735254220	0.962440842	0.575728073	0.214650230	1.930000000
0.878545374	0.986694814	0.880370149	1.135327188	0.727020231	0.960540073	-0.573651157	0.103308065	2.220000000
0.870500108	0.983109310	0.873708709	1.134551613	0.709191000	0.952921691	-0.478071368	0.074667022	2.020000000
0.878073176	0.983594724	0.859029164	1.124211836	0.689017557	0.947487494	0.547717469	0.115185269	2.010000000
0.857613718	0.979199745	0.854194521	1.119467065	0.689370948	0.946741937	-0.441344868	0.080003073	1.680000000
0.854280587	0.978786357	0.848797738	1.117922239	0.686403404	0.948187984	0.580303306	0.010954342	1.630000000
0.867060783	0.982703132	0.847064842	1.118666890	0.689103744	0.952839237	0.473307375	0.215556235	2.050000000
0.889481034	0.988569355	0.843137726	1.112179318	0.690091246	0.952762688	0.622704383	0.122342881	1.790000000
0.922915058	0.997115486	0.840228147	1.108161009	0.689369933	0.954347552	-0.022365861	-0.039308177	1.450000000
0.926210946	0.999332659	0.853069064	1.107299085	0.707684385	0.961168457	-0.597525681	-0.095058599	1.430000000
0.912410529	0.996061908	0.845616557	1.100108075	0.714183844	0.966055454	-0.723626885	-0.108280161	1.710000000
0.882192891	0.988492471	0.843211976	1.096041737	0.719161553	0.968333239	-1.143201755	-0.228977208	2.170000000
0.866497583	0.984198236	0.851809268	1.090275611	0.740341132	0.967046460	-1.100387821	-0.305387354	2.320000000
0.863381955	0.983000160	0.878821136	1.091418836	0.792063670	0.973150539	-2.018555891	-0.359308223	1.920000000
0.864971981	0.984079017	0.881662107	1.088863728	0.801927273	0.973810820	1.965227399	-0.005520927	1.910000000
0.862276037	0.983411381	0.840237999	1.079434115	0.743306354	0.961997367	-0.741617083	-0.143651195	2.240000000
0.877724819	0.987204353	0.824453156	1.073377350	0.714373354	0.947306800	-0.898322944	-0.310105241	2.320000000
0.895789302	0.991527108	0.816570068	1.067221175	0.701901891	0.937988212	-0.607152288	-0.049928160	2.380000000
0.909733560	0.995812149	0.809355483	1.063226054	0.690876710	0.931708442	-0.308037319	-0.270043671	2.110000000
0.941664380	1.004307359	0.799597772	1.055135379	0.681113507	0.927683765	-0.311375785	-0.381301121	2.190000000
0.993851618	1.016918453	0.784969374	1.044472111	0.667514889	0.924632386	-0.876162978	-0.176648861	2.610000000
0.997104077	1.016589111	0.774625724	1.034951672	0.660096044	0.919220399	-0.293366122	-0.202747805	2.690000000
1.028222710	1.022061249	0.773372648	1.026817016	0.663505447	0.917994497	-0.911084688	-0.311080666	2.610000000
0.977998919	1.009334475	0.762152118	1.012467915	0.668234899	0.914545512	-0.393719320	-0.138444158	2.620000000
0.932058888	0.997305009	0.769735016	1.004833236	0.697453838	0.916282713	-0.727409865	-0.015770028	2.310000000
0.910655835	0.990849970	0.788236914	0.999229271	0.740167838	0.922532663	1.911805436	0.252022500	2.150000000
0.892348751	0.985007860	0.760908450	0.986896431	0.719985504	0.917093053	-0.631999525	-0.084311824	1.940000000
0.879375898	0.981098543	0.738696093	0.975600875	0.700642915	0.911149357	0.818389867	0.193249802	1.880000000
0.874853526	0.979024799	0.721049853	0.966101761	0.689933138	0.906985034	1.174327329	0.309320191	1.780000000
0.856685504	0.973592083	0.697623641	0.953371667	0.680631725	0.904138138	0.707230392	0.309481893	1.630000000
0.842966218	0.969781859	0.689451680	0.947007128	0.684147627	0.904039487	0.593245841	0.421896933	1.630000000
0.835304701	0.967855855	0.678932548	0.938894511	0.691543846	0.903073149	1.520757529	0.463256251	1.240000000
0.825413533	0.964673592	0.667167100	0.932417279	0.693283812	0.901185745	1.074316166	-0.341138492	1.130000000
0.825337502	0.964325796	0.666563738	0.929151300	0.703660501	0.900541575	1.486607835	1.229485272	1.180000000
0.835661423	0.967054577	0.648127789	0.921826201	0.678878365	0.891074835	0.832548079	0.296555904	1.210000000
0.830381503	0.965991639	0.633373409	0.917041233	0.651952471	0.883568500	0.342889762	0.384974492	1.200000000
0.827244952	0.964913568	0.638306956	0.917043822	0.652019884	0.880381405	0.528342486	0.386751017	1.180000000
0.832952617	0.966702634	0.650803641	0.920774225	0.656140032	0.879810049	1.963960559	0.482423867	1.450000000
0.848258916	0.969888710	0.651140550	0.921604142	0.637077508	0.875987390	0.456651988	0.517686961	1.510000000
0.839888091	0.967827354	0.634519006	0.919685387	0.609839568	0.868634319	0.486594400	0.294775193	1.420000000
0.849672101	0.969926560	0.623303236	0.918336789	0.592119964	0.861433810	0.630358142	0.387777498	1.500000000
0.875909764	0.976197141	0.628606817	0.924519931	0.585550457	0.858480428	0.468751555	0.327848206	1.460000000
0.884600541	0.979025756	0.628634125	0.926632404	0.584023694	0.857940534	0.356375578	0.401954099	1.500000000
0.906732049	0.984375566	0.629737496	0.930529736	0.580430719	0.857626059	0.333206529	0.330742993	1.710000000
0.932044876	0.990540614	0.634078178	0.934579982	0.584232257	0.857270015	0.084937692	0.254970479	1.760000000
0.882684204	0.978814067	0.639414920	0.934749851	0.589111280	0.853934845	-0.185331322	0.325668170	1.690000000
0.851586454	0.970533036	0.643392263	0.938780005	0.594038857	0.853046573	-0.158749716	0.299517436	1.310000000
0.837597461	0.966780938	0.643407459	0.942286266	0.590570017	0.853215005	0.382200075	0.364283918	1.190000000
0.834787598	0.965946326	0.642869910	0.942635190	0.589757062	0.853175358	0.120262052	0.133273658	1.270000000
0.852276143	0.969807447	0.645348898	0.942816739	0.588770563	0.855129484	-0.174444850	0.276392528	1.180000000
0.809095672	0.959033389	0.647685312	0.944542788	0.584553495	0.858254616	0.360372181	0.128584038	1.100000000
0.786113648	0.953187578	0.650954067	0.945459780	0.589625930	0.862184896	0.150636189	0.357919075	1.130000000
0.772513323	0.949431296	0.654852638	0.946088593	0.595598879	0.864380252	-0.268737466	0.202184903	1.280000000
0.772048715	0.949058200	0.641381725	0.940085136	0.579094815	0.860509916	0.144659249	0.281962811	1.430000000
0.763007540	0.946153571	0.634472875	0.935842596	0.574616936	0.858177650	0.066451960	0.149918908	1.460000000
0.768272833	0.947589247	0.633504147	0.932047122	0.580627076	0.857809232	-0.647763838	0.194763987	1.460000000
0.782806065	0.951689188	0.627434051	0.928436486	0.578833268	0.859392884	0.406004473	0.197451609	1.450000000
0.813813110	0.960031303	0.636192606	0.929179033	0.584222724	0.860045375	0.430677514	0.207262424	1.410000000
0.826651608	0.963672555	0.643499229	0.935020885	0.588624042	0.861508886	-0.415528401	0.191565084	1.340000000
0.838567301	0.967218077	0.650650762	0.940025503	0.593668551	0.862846482	0.332701180	0.212533447	1.440000000
0.836357547	0.967943339	0.665858277	0.948669058	0.607843428	0.865757798	1.049726691	0.169499307	1.420000000
0.846409393	0.971132514	0.681585376	0.955062737	0.623479519	0.868553953	0.448409092	0.126683000	1.390000000
0.877018160	0.979137938	0.702883790	0.964737537	0.637836726	0.872132674	-0.669104258	0.108313309	1.440000000
0.880659995	0.980684179	0.701111377	0.960853815	0.633954331	0.867349016	-0.694998063	0.095057041	1.500000000
0.888108865	0.983721706	0.687254970	0.954766390	0.622083634	0.864888245	0.097955301	0.188834584	1.400000000
0.912230423	0.990608792	0.681510881	0.950245017	0.620724371	0.863176977	0.186008476	0.128042927	1.200000000
0.942335064	0.998880433	0.673514565	0.943059563	0.624315202	0.862088436	-0.331486502	-0.094756161	1.210000000
0.997815214	1.012560631	0.665564809	0.938898716	0.617624980	0.860417146	0.542099663	0.320196822	1.280000000
1.016091504	1.018356043	0.661406841	0.936125758	0.611345154	0.858956078	-0.117476520	0.114538343	1.460000000
1.036078260	1.024336001	0.664890361	0.931833657	0.616823387	0.861148694	0.203445380	0.347833411	1.310000000
1.015849079	1.020325686	0.661134450	0.928862453	0.613433629	0.862118276	0.446267043	0.185949847	1.380000000
1.004551801	1.017605908	0.665952170	0.930921329	0.613605584	0.864524304	0.471576497	0.185604715	1.390000000
1.017503821	1.020957356	0.683327378	0.940388059	0.630520146	0.871103037	0.836388869	0.204166053	1.480000000
1.050885781	1.028432257	0.693222476	0.944749177	0.643606532	0.876217771	-0.315468227	0.170979296	1.360000000
1.010875759	1.019850731	0.679937247	0.939242929	0.635210995	0.875655265	1.277321405	0.230161115	1.270000000
0.984051087	1.014116449	0.655423737	0.929087690	0.612715708	0.867553295	0.168135063	0.246438399	1.250000000
0.982719579	1.014132253	0.647482450	0.923672908	0.607889727	0.862550661	0.634395428	0.333554038	1.190000000
0.988690292	1.016590866	0.632537510	0.918359279	0.593201922	0.858879518	0.631399526	0.222408201	1.180000000
1.022284701	1.025056396	0.622401313	0.915400203	0.582736396	0.857350792	0.473776410	0.168935550	1.200000000
1.078467803	1.038313825	0.619559473	0.914850250	0.585317507	0.858265291	0.680368383	0.339951441	1.190000000
1.162768244	1.056572399	0.625721808	0.917649663	0.593514972	0.859365708	0.818018987	0.167102377	1.130000000
1.292427721	1.082139914	0.637240182	0.922332280	0.604568329	0.861616014	0.275062349	0.222369693	1.130000000
1.492941435	1.116096619	0.655059652	0.929560560	0.622586584	0.866728487	1.427280738	0.478172198	1.100000000
1.305114782	1.083681069	0.649224740	0.933798136	0.607393295	0.868762077	0.539320575	0.224688726	1.220000000
1.182714828	1.058171321	0.645203600	0.929526635	0.611481578	0.869894990	0.491130353	0.284011513	1.180000000
1.086523555	1.034873889	0.640024955	0.926695625	0.611634527	0.871841730	0.039237454	0.090636486	1.190000000
1.019799806	1.015547576	0.622261995	0.918964186	0.596531949	0.868631283	0.436156253	0.435642539	1.220000000
0.941581841	0.996093345	0.606646625	0.912497701	0.583031383	0.865210895	0.249760875	0.264497179	1.180000000
0.887161184	0.980785135	0.600209673	0.909928333	0.578431824	0.863254732	0.543507498	0.234204458	1.230000000
0.854127812	0.970711956	0.593175288	0.905044897	0.574684785	0.860831652	-0.102126381	0.218414626	1.140000000
0.840188311	0.965121643	0.591059067	0.903510007	0.573449315	0.859294293	0.258738061	0.345246081	1.140000000
0.805853711	0.955015429	0.590956281	0.900772358	0.578034523	0.856237693	0.062261706	0.210556345	1.150000000
0.781328509	0.947472107	0.590275137	0.899556420	0.578762556	0.854568582	0.412211953	0.117415361	1.100000000
0.764547923	0.941996957	0.592835976	0.898323743	0.581385844	0.852908014	-0.283880240	0.320296572	1.080000000
0.755343883	0.937679748	0.592775682	0.899051339	0.581541780	0.853418151	0.497941934	0.252489700	0.900000000
0.754346484	0.936342100	0.597877532	0.900979692	0.579355790	0.852679785	0.148744402	0.318470111	1.030000000
0.749749522	0.934999982	0.613815808	0.905750241	0.588214124	0.855285197	0.472544860	0.271634940	1.080000000
0.750762542	0.935746213	0.638811575	0.909216141	0.600234654	0.858148201	0.301929601	0.244775293	1.030000000
0.744544155	0.933559147	0.644407723	0.911569165	0.618119534	0.863309717	-0.448262225	0.240454183	0.970000000
0.741286886	0.933788579	0.639772751	0.913792511	0.618915278	0.865981010	0.198786227	0.179497363	0.870000000
0.748259819	0.935922318	0.638714803	0.916822711	0.621010659	0.869208399	0.111953791	0.160623215	0.820000000
0.758126719	0.938212041	0.645526335	0.923034269	0.634199138	0.874031248	-0.716681710	0.109410216	0.890000000
0.767515901	0.942160557	0.639365671	0.923300092	0.624673229	0.873997950	0.046971619	0.107439252	0.930000000
0.787917300	0.948441550	0.643970682	0.923579911	0.636051917	0.875871512	-0.885866420	0.037021269	0.940000000
0.787468046	0.948148283	0.642331555	0.922145194	0.642000487	0.878235514	0.886022435	0.045332384	0.920000000
0.802197471	0.951781142	0.626733173	0.915379277	0.626436696	0.874526075	-0.356348373	0.230968321	0.900000000
0.833078884	0.959128322	0.624477587	0.911482358	0.624929513	0.872514898	-0.062178391	0.102379172	0.890000000
0.838527150	0.961570575	0.630023490	0.911422732	0.633173185	0.873772676	0.336741468	0.255030544	0.920000000
0.863247618	0.968976253	0.656024996	0.917523645	0.663463496	0.878322945	0.612541464	0.088234489	0.960000000
0.911918459	0.981305034	0.689860413	0.927573941	0.698477090	0.884171376	-0.679705354	0.307293175	0.950000000
0.902135988	0.980376038	0.681183809	0.929199876	0.677839639	0.886162715	1.010331800	0.227795741	0.920000000
0.909711262	0.984019876	0.669537161	0.927735109	0.660767331	0.882017954	0.501132761	0.195362487	0.840000000
0.940081047	0.992128741	0.664039681	0.926620781	0.654259540	0.881194504	-0.120271079	0.036474054	0.840000000
0.974207949	1.001585866	0.661270023	0.926226891	0.642896557	0.876267944	0.168123675	0.137569775	0.940000000
0.986960492	1.004894717	0.658509673	0.930082940	0.630821919	0.874951061	0.340614325	0.021847975	0.960000000
1.025962501	1.013294883	0.666142032	0.938886927	0.632805129	0.877314817	-0.113972013	-0.029131694	0.960000000
1.088707264	1.025869981	0.681574192	0.948777904	0.642882866	0.879011406	0.304198244	-0.196861222	1.000000000
1.068649395	1.021259396	0.674325351	0.947444791	0.636822221	0.880262277	0.142356179	-0.081226988	1.080000000
1.034024409	1.014191413	0.684490351	0.950554725	0.652234942	0.884807562	-0.768308930	-0.145277812	1.210000000
1.010357018	1.008893487	0.694805975	0.955449814	0.655288503	0.887788314	-1.172915430	-0.137248285	1.320000000
0.977865705	1.001143478	0.693871618	0.954526178	0.647732553	0.885883656	-0.666674867	-0.051287688	1.380000000
0.972742990	0.999013031	0.695512348	0.952978052	0.651187973	0.886158004	-0.442783575	-0.109990845	1.410000000
0.957661282	0.994704652	0.682003683	0.950111078	0.637503329	0.881861447	-0.680481727	-0.280105797	1.240000000
0.914852029	0.984552205	0.663804728	0.941106765	0.628077853	0.877083815	-0.541998127	-0.145413072	1.160000000
0.885558581	0.977859163	0.652329755	0.927566138	0.632225154	0.873391619	0.219984239	-0.194521203	1.080000000
0.879451626	0.976201917	0.640161319	0.915002973	0.632084699	0.869817882	0.977760162	-0.115416412	1.000000000
0.878520682	0.976272428	0.632835777	0.907277857	0.631217574	0.867328808	0.917562820	0.089574711	0.950000000
0.861651312	0.972180065	0.613876420	0.900319567	0.615444530	0.863622923	0.081935173	-0.036928304	0.890000000
0.845654464	0.968416841	0.601095152	0.895505684	0.602356309	0.861925378	0.078282895	0.009233355	0.900000000
0.847234296	0.968944542	0.600337424	0.892612288	0.602838911	0.860524846	0.878726093	0.029541007	0.900000000
0.863088069	0.973000973	0.595006020	0.893979030	0.597643702	0.860590687	-0.180174795	0.015690111	0.940000000
0.893498267	0.980787865	0.593066362	0.896836423	0.590898184	0.859895397	-0.114304667	-0.053541099	0.970000000
0.915552129	0.986137679	0.601792544	0.900201412	0.598925746	0.860825672	-0.413235600	0.024004727	0.950000000
0.884295319	0.976492886	0.604973328	0.900641255	0.607128520	0.860938415	-0.576968645	0.047992175	0.930000000
0.842459067	0.965076867	0.604010443	0.900986553	0.606005079	0.861416017	0.696409341	-0.058147317	0.940000000
0.812701598	0.956481061	0.596206588	0.898791497	0.592396763	0.858193131	0.872644912	0.049842628	0.900000000
0.790561007	0.949086999	0.596908835	0.895313517	0.583012422	0.853601039	0.725536394	0.146614748	0.880000000
0.769872451	0.942390855	0.588509581	0.890129918	0.577931294	0.848527047	0.329249073	0.116032797	0.850000000
0.766892424	0.940218533	0.588233262	0.889122382	0.580204547	0.846062043	0.035060067	0.062564982	0.830000000
0.753056162	0.935844179	0.591129518	0.890548141	0.589515710	0.844509851	0.873890160	0.065283457	0.770000000
0.742647349	0.932122476	0.589966920	0.889387088	0.593920080	0.844298090	-0.490708588	0.126767179	0.700000000
0.726293019	0.927069428	0.595788076	0.890966502	0.601354734	0.844028060	0.245200927	0.033043287	0.700000000
0.721561871	0.924908928	0.601162360	0.893599626	0.606987878	0.845060632	0.730662730	0.166885246	0.850000000
0.728052502	0.925498498	0.596065539	0.891864529	0.599105381	0.842914862	0.437615137	0.124523895	0.860000000
0.717240665	0.921668776	0.606353829	0.886602057	0.616901317	0.840873489	0.083793830	0.193802054	0.830000000
0.713040964	0.919987237	0.605978916	0.881719080	0.614220033	0.839648522	0.424621483	0.281804647	0.760000000
0.710890802	0.919176355	0.592218188	0.878405498	0.594231443	0.839731054	0.428313278	0.220148189	0.680000000
0.708144885	0.918208938	0.587512602	0.874867834	0.590859388	0.842148858	-0.098370515	-0.044536346	0.570000000
0.708916105	0.918771132	0.582916340	0.870760269	0.575984409	0.837926951	0.286384915	0.279613807	0.680000000
0.696330565	0.915676171	0.576122513	0.865456282	0.563979306	0.832686022	-0.314890382	0.240857060	0.780000000
0.682790365	0.912029889	0.565323662	0.861711500	0.555362554	0.828903391	0.191958000	0.164463317	0.740000000
0.674779808	0.909483743	0.553942486	0.858825574	0.548030534	0.826949882	0.289168952	0.271404844	0.760000000
0.676417774	0.909799092	0.552308861	0.859613795	0.550064568	0.826477975	-0.106750106	0.140372370	0.750000000
0.674348860	0.908992512	0.557505067	0.860745292	0.560991086	0.827495186	0.480511186	0.215573464	0.680000000
0.680711773	0.910331194	0.562379798	0.863235500	0.565433443	0.828589944	0.755193226	0.256286321	0.640000000
0.689184738	0.912221498	0.560542679	0.864365759	0.564684349	0.829846391	0.422694277	0.235097566	0.730000000
0.690898000	0.912842982	0.581173098	0.867622996	0.595185945	0.834652015	0.521706368	0.278184137	0.760000000
0.693781889	0.914298370	0.588691499	0.872568637	0.602292857	0.839453836	0.374469506	0.241001473	0.730000000
0.700541766	0.916599372	0.584856883	0.875817558	0.596528385	0.842645235	0.020330288	0.177489109	0.680000000
0.710863534	0.919250635	0.583314045	0.879256030	0.591710127	0.845556497	1.034683883	0.411448568	0.650000000
0.691858712	0.914412154	0.572252140	0.877329889	0.566794721	0.839077934	0.511509339	0.308579634	0.640000000
0.686531324	0.912932829	0.565909151	0.874697955	0.552314772	0.834928026	0.540115211	0.292710149	0.630000000
0.688173758	0.913651652	0.560075385	0.871380313	0.543902450	0.831681237	0.643328883	0.276101623	0.680000000
0.683630678	0.912285229	0.559682526	0.871939071	0.539165777	0.830695272	0.160082571	0.325956638	0.690000000
0.686616142	0.912771880	0.560369003	0.873954098	0.541882663	0.832520043	0.566775542	0.245730343	0.670000000
0.684079076	0.911615459	0.563891126	0.875264853	0.544215006	0.833213912	0.362290022	0.306750040	0.640000000
0.683455336	0.910577839	0.569560456	0.877996632	0.557911126	0.836613863	0.858344717	0.184638642	0.630000000
0.692228678	0.912082073	0.568882637	0.879483818	0.557299338	0.838701015	0.624055658	0.363080354	0.640000000
0.676996248	0.907315182	0.575040685	0.883204781	0.562701639	0.842212545	1.011981862	0.238740735	0.640000000
0.669036283	0.905293992	0.577992766	0.884667645	0.569200164	0.847021789	0.179044782	0.278527766	0.620000000
0.664718736	0.904237013	0.587314279	0.886640751	0.580962156	0.850482898	-0.120995912	0.174972169	0.590000000
0.654237850	0.901601149	0.586662394	0.885748438	0.585447029	0.851266153	0.140179580	0.189208335	0.580000000
0.652056401	0.901098656	0.589205047	0.885580842	0.593651267	0.852878861	-0.019453886	0.138468662	0.570000000
0.656734912	0.902603857	0.586688111	0.884052517	0.593782021	0.853913500	0.283193624	-0.012813121	0.550000000
0.669052519	0.905510662	0.577585689	0.881302154	0.590548855	0.855457025	0.345383069	0.199697959	0.600000000
0.679911770	0.907494707	0.574566685	0.878401430	0.596145600	0.857957877	-0.390796544	0.081812143	0.630000000
0.677600543	0.907652521	0.575011221	0.878019118	0.598832664	0.860318796	1.246941205	0.215289000	0.620000000
0.686120168	0.910436272	0.566442658	0.875748862	0.587139451	0.860020230	0.399222811	0.207192364	0.610000000
0.700775012	0.913994604	0.567999553	0.875032897	0.585885788	0.862578701	-0.101879473	0.129701155	0.630000000
0.696753279	0.914251579	0.578308725	0.877862224	0.591600652	0.866351326	0.246825660	0.126148796	0.660000000
0.684920646	0.911913506	0.590507749	0.882300966	0.616593573	0.873423507	0.397324302	0.112468354	0.670000000
0.681632385	0.911936956	0.615318528	0.890792343	0.656217216	0.883294039	-0.657555900	-0.016059165	0.660000000
0.686564656	0.914194361	0.628229735	0.894106335	0.673150051	0.884672192	1.554333414	0.364498923	0.640000000
0.699890391	0.918812710	0.616303684	0.892153819	0.644030113	0.875609858	-0.105787114	0.224618055	0.680000000
0.722567149	0.925675748	0.599126061	0.885538115	0.622493946	0.868260593	0.888835694	0.136878766	0.690000000
0.743605416	0.932198795	0.587850957	0.881557216	0.599424265	0.862314151	0.747623327	0.269849149	0.680000000
0.772894104	0.941197500	0.580051232	0.877470164	0.588794994	0.860195474	0.831209905	0.239905490	0.690000000
0.806624679	0.951818144	0.575071048	0.874502578	0.581778985	0.858206965	-0.173106018	0.207675734	0.700000000
0.800688752	0.951858275	0.569588145	0.871218528	0.573523501	0.853835181	0.583655524	0.149026981	0.720000000
0.788776246	0.951144030	0.564524013	0.870214564	0.567294462	0.851131487	0.676401159	0.187009933	0.690000000
0.786940791	0.952303896	0.566280887	0.870818726	0.569959863	0.849166021	-0.076797449	0.207379462	0.680000000
0.794325163	0.955936105	0.566675626	0.872386507	0.567867455	0.846711068	0.859587203	0.247462397	0.690000000
0.792837876	0.956674494	0.568529817	0.873182904	0.568181801	0.844585566	0.635145573	0.141250545	0.690000000
0.803986467	0.960365429	0.571112096	0.874009802	0.570294321	0.844200574	0.117942588	0.192967470	0.670000000
0.817833261	0.964644207	0.576836653	0.876316873	0.573005842	0.844245943	1.209926396	0.249316156	0.630000000
0.842661092	0.971271748	0.574748970	0.874227249	0.566052092	0.841316198	0.694351171	0.259352421	0.630000000
0.858909217	0.975571255	0.576261503	0.872057766	0.566868274	0.840729663	0.060002709	0.239058290	0.610000000
0.888120945	0.982500099	0.569177405	0.871142841	0.561087042	0.839111445	0.593934539	0.212380208	0.620000000
0.882782106	0.982429724	0.567016467	0.869739124	0.560942609	0.838596775	0.502676433	0.216815507	0.610000000
0.891862498	0.985994096	0.572500584	0.870272549	0.570243172	0.840015782	0.746196359	0.248839286	0.610000000
0.894162281	0.987062023	0.581104380	0.870742659	0.589011486	0.842130145	1.056799794	-0.025181040	0.600000000
0.906773244	0.989914919	0.575873757	0.869558830	0.586278012	0.843642307	0.900544782	0.415083004	0.550000000
0.902429789	0.989569433	0.575698467	0.869984202	0.588729576	0.847457233	0.841424941	0.274692154	0.570000000
0.886764008	0.986281739	0.579950966	0.874104109	0.591008656	0.852121746	0.877332278	0.246579441	0.550000000
0.887177330	0.986454755	0.582952149	0.877360853	0.591299802	0.857140579	0.311715134	0.243564357	0.560000000
0.902104620	0.989954637	0.588956105	0.877046949	0.591468266	0.857162305	0.502957536	0.221345485	0.580000000
0.931123595	0.996974103	0.586699477	0.874788851	0.589880529	0.857392053	0.112314713	0.156890401	0.580000000
0.939460203	0.999824573	0.587458877	0.875463032	0.593903650	0.859853276	0.079984464	0.120702005	0.600000000
0.962530030	1.006067597	0.594284704	0.879801918	0.602550734	0.864159056	0.344344319	0.223433466	0.640000000
1.011724648	1.018009227	0.601322107	0.884552330	0.609056673	0.868130473	0.645124732	0.321505302	0.610000000
1.072291175	1.032540677	0.615767054	0.893738233	0.632976873	0.875534055	-0.643075900	0.173850271	0.600000000
1.168014713	1.052727004	0.626413819	0.903511972	0.645396581	0.881333135	-0.357701357	0.102263683	0.600000000
1.269840520	1.073585264	0.647861280	0.917606537	0.665550540	0.889437076	2.026345339	0.270612604	0.620000000
1.185338311	1.059969833	0.640194931	0.925722623	0.630156511	0.884877228	-0.173320268	0.176058468	0.690000000
1.118907338	1.047659820	0.632811824	0.922513753	0.612758271	0.876859353	0.794441664	0.156849177	0.810000000
1.073712399	1.038253752	0.621873310	0.916879562	0.597679960	0.871414150	-0.049962029	0.221848196	0.930000000
1.046839391	1.031879432	0.618351597	0.913390413	0.594385081	0.869291801	0.381592719	0.271526048	1.010000000
1.034451651	1.028069749	0.618139340	0.912134715	0.594161407	0.867621146	0.459087854	0.098696587	1.050000000
1.037323380	1.026988273	0.619747355	0.911606628	0.587707508	0.865234896	0.525413472	0.320483031	0.990000000
1.025499358	1.024378356	0.618981056	0.912393059	0.577882868	0.863714727	0.168278737	0.083469529	0.910000000
1.032570561	1.025238406	0.619354666	0.913055798	0.574173365	0.863237710	0.254730911	0.292762138	0.840000000
1.008641723	1.020983026	0.615553290	0.913587049	0.568672433	0.864005191	0.745890893	0.163914723	0.790000000
0.999641959	1.021091000	0.611397111	0.911603632	0.569847564	0.863970574	-0.161058525	0.201611408	0.790000000
0.995622379	1.021678442	0.606957407	0.911217416	0.571850626	0.863983146	0.620542231	0.252216700	0.760000000
1.004301226	1.024337355	0.607313929	0.912732607	0.576301317	0.865470991	0.404035291	0.123555002	0.750000000
1.020061235	1.029483193	0.614323159	0.916371814	0.585556578	0.867335052	-0.384053901	0.165016539	0.810000000
1.044992199	1.036511701	0.627111643	0.923246609	0.596529477	0.868848953	1.306184286	0.307713854	0.830000000
1.080441400	1.044659950	0.632383224	0.924498654	0.594974203	0.864782215	0.474182250	0.224801092	0.790000000
1.126976260	1.054677267	0.647844136	0.928161042	0.604046355	0.863610175	0.759899744	0.226590825	0.640000000
1.171191837	1.063181971	0.668750658	0.933594369	0.623686627	0.865199679	0.009159625	0.175713403	0.550000000
1.223035397	1.071692482	0.674160729	0.939722522	0.620772004	0.867178208	0.285107739	0.099179867	0.610000000
1.224599117	1.072234405	0.681402047	0.945448297	0.623978173	0.869377228	0.401366083	0.356235248	0.690000000
1.193544395	1.066688070	0.696567811	0.955968119	0.631218150	0.874122043	0.720002069	0.217834418	0.760000000
1.173740291	1.062499933	0.709753914	0.962393773	0.647263600	0.879397900	0.188855706	0.171958666	0.910000000
1.163014785	1.060986776	0.711799869	0.961411853	0.647259612	0.878712400	0.074262236	-0.035579511	0.810000000
1.132045846	1.056867701	0.701364391	0.957469956	0.637945060	0.878381906	-0.127636667	0.133168910	0.700000000
1.123922707	1.056456045	0.695368001	0.955689214	0.633207378	0.879833350	-0.333327065	-0.007561665	0.710000000
1.116393224	1.055673454	0.698137568	0.957755988	0.634682994	0.882561332	0.405246328	0.102789691	0.730000000
1.119861081	1.057023994	0.697335013	0.957228964	0.632964519	0.880770031	-0.289026837	-0.010576415	0.790000000
1.141847687	1.061977076	0.698149073	0.959181685	0.633265602	0.879850804	0.024619527	0.170596980	0.830000000
1.155719496	1.063360187	0.712733152	0.968671553	0.647809900	0.883248411	-0.270836294	0.107040565	0.810000000
1.143441035	1.061199514	0.718728082	0.971809017	0.648406944	0.884043442	-0.692167238	-0.019590410	0.780000000
1.119416729	1.057057490	0.710881650	0.964457674	0.639582205	0.878438983	-0.610748985	0.054240967	0.770000000
1.094673572	1.051116916	0.707842379	0.961559244	0.630670934	0.874413780	-0.240863167	-0.018830335	0.860000000
1.081260131	1.047453738	0.714443280	0.958115563	0.637775135	0.872725247	-0.248336565	-0.211897238	0.870000000
1.064914747	1.042381702	0.712506110	0.954455939	0.631722563	0.870553950	-0.663304891	-0.028689639	0.780000000
1.066409519	1.041587075	0.717829680	0.952789739	0.631886750	0.870035168	-0.616921747	-0.098966899	0.790000000
1.086973689	1.045102737	0.727556642	0.954883602	0.634326029	0.869664967	-0.565868345	-0.084690657	0.840000000
1.121829473	1.051778231	0.750132347	0.960873818	0.643730341	0.871857628	-0.190166228	-0.118839025	0.830000000
1.180813153	1.061512854	0.789799671	0.971803048	0.650404927	0.874024265	-0.344385918	-0.181938146	0.860000000
1.133085546	1.052411300	0.795064122	0.970773748	0.660165062	0.874985043	-0.442926910	-0.246903389	0.880000000
1.092769332	1.043801709	0.765452806	0.957710239	0.638875622	0.869113546	-0.513831298	-0.223116642	0.840000000
1.055562069	1.035532421	0.734792906	0.946494024	0.621740084	0.863471310	0.054690657	-0.129681916	1.280000000
1.036123447	1.031019493	0.712946537	0.936577158	0.613691884	0.858944400	0.567496123	-0.105395012	1.320000000
1.037582340	1.030433430	0.685983002	0.927769591	0.603643868	0.854314370	0.020262740	-0.102446492	1.380000000
1.054105750	1.033083325	0.669339781	0.923679746	0.600232332	0.851679871	0.787817862	-0.015299527	1.300000000
1.063095923	1.035913146	0.650548053	0.914618049	0.595450076	0.850037279	0.421570008	-0.060456024	1.270000000
1.088583266	1.040594989	0.637155212	0.909402544	0.589147521	0.849388607	0.407475156	-0.005358626	1.340000000
1.140130811	1.050788812	0.635997181	0.907441955	0.593604946	0.850435120	0.950136301	0.043626178	1.320000000
1.192990890	1.059868138	0.635338368	0.906822341	0.597155959	0.851581051	-0.238205568	-0.065063554	1.370000000
1.155459848	1.054008153	0.632118741	0.905479663	0.596184069	0.850886436	0.024793024	-0.010720412	1.210000000
1.156493741	1.054918798	0.630112209	0.905205593	0.595961818	0.851279658	0.146504439	-0.045191509	1.250000000
1.106550069	1.044576147	0.631185059	0.907939093	0.593589425	0.851785224	-0.349818344	0.096485929	1.410000000
1.070403691	1.035044925	0.637055187	0.913374055	0.595849576	0.852795337	0.520716823	0.007653627	1.310000000
1.031966266	1.025101868	0.646692040	0.917607868	0.604550383	0.856479478	-0.483836159	-0.120229599	1.240000000
0.987551266	1.013278497	0.659334014	0.923442841	0.610725693	0.859404456	0.557942867	0.070470547	1.180000000
0.961864417	1.005582777	0.671013143	0.928395018	0.616799872	0.860020478	0.305177026	-0.114923167	1.110000000
0.949840124	1.000956699	0.675772530	0.934977822	0.606745304	0.859116287	-0.219370936	-0.160346813	1.060000000
0.963591949	1.001397129	0.690852603	0.945331310	0.604526059	0.859883540	-0.717737192	-0.033790011	1.110000000
0.944293612	0.995288282	0.675705934	0.940973861	0.590667931	0.855027056	0.016316232	-0.006144865	1.160000000
0.897074355	0.982830788	0.663661207	0.935674675	0.579674582	0.851804434	0.158118803	0.006912947	1.220000000
0.875844654	0.975872123	0.663174525	0.931822770	0.580220168	0.849728046	0.407673572	0.018432189	1.130000000
0.854685811	0.969078988	0.660641815	0.923915398	0.580437738	0.847278817	-0.184028231	-0.032258560	1.130000000
0.844625555	0.964925447	0.658836791	0.919002882	0.577557307	0.846072132	0.633545169	0.079859329	1.070000000
0.846592417	0.963642017	0.650662190	0.914677769	0.580747360	0.846241363	0.121421394	0.151863812	1.030000000
0.804840693	0.952875403	0.637673647	0.906958656	0.586243975	0.847662092	0.821381198	0.013028068	1.010000000
0.782998382	0.946698740	0.624006777	0.901092095	0.577702556	0.846366271	-0.073118114	0.093445781	0.980000000
0.762226006	0.939652576	0.620346034	0.898602134	0.573242304	0.846318761	0.191729755	0.123948937	0.900000000
0.746335221	0.934402940	0.618226366	0.897767751	0.572259907	0.847714490	0.597913153	0.035167389	0.770000000
0.743080184	0.932412514	0.619943593	0.900046295	0.582921903	0.850230005	-0.471409866	0.253450728	0.780000000
0.753470705	0.933938320	0.619413730	0.905030310	0.581051317	0.852237810	0.415643468	0.189667377	0.730000000
0.749212505	0.932009839	0.627171491	0.909545433	0.589626693	0.855367731	0.832320932	0.234112040	0.710000000
0.758831627	0.933690603	0.635031153	0.912302708	0.603928866	0.859162288	-0.844267501	0.057683698	0.770000000
0.778034340	0.937716530	0.623901768	0.906689372	0.594632562	0.857182032	0.773058097	0.033380623	0.800000000
0.761349598	0.932823773	0.614664014	0.902382508	0.585308889	0.854323503	0.071209403	0.091739300	0.810000000
0.761921170	0.931537483	0.619343992	0.903325758	0.589035865	0.854294761	0.086701875	0.124206684	0.810000000
0.770353023	0.931914671	0.632234393	0.908666388	0.600562101	0.856593704	0.935944865	0.261540820	0.740000000
0.801187926	0.935897182	0.641771727	0.912260529	0.614513551	0.858239869	0.187445108	0.048302617	0.680000000
0.776389070	0.932282710	0.660654885	0.914478985	0.638511775	0.861501213	0.726282497	0.098042920	0.680000000
0.772332406	0.931428515	0.665955850	0.915580800	0.646083531	0.863436948	0.450332007	0.100959120	0.660000000
0.767817850	0.929695040	0.654151024	0.914404594	0.626806544	0.863311775	0.680160507	0.179816245	0.620000000
0.768435156	0.929887287	0.651808814	0.917141515	0.628080130	0.865246546	-0.167180145	0.102178054	0.660000000
0.776291916	0.931118129	0.647816729	0.918705644	0.622414382	0.866153044	0.145898202	0.273712878	0.720000000
0.765819260	0.929042096	0.652268608	0.923643206	0.618374518	0.867829428	0.166936613	0.130219071	0.860000000
0.747882008	0.924703341	0.662595369	0.929747136	0.626557150	0.871763747	0.400528001	0.184560488	0.900000000
0.743828401	0.923255373	0.679859008	0.935932036	0.641710420	0.874253640	-0.314373192	0.280298075	0.890000000
0.730762373	0.919515513	0.699056006	0.944925024	0.656406715	0.879611007	0.186513991	0.144315197	0.870000000
0.722689592	0.916853244	0.737939464	0.957383696	0.695407356	0.889016866	-1.917281088	0.050535454	0.900000000
0.728678435	0.917237967	0.735523709	0.961878273	0.685305605	0.892646721	1.272917964	0.063133425	0.950000000
0.734377695	0.915902371	0.721871575	0.956897428	0.668301175	0.887664726	1.027946865	0.249913921	0.970000000
0.722442076	0.912781914	0.703419657	0.947711521	0.649863627	0.881195098	0.578986511	0.117695405	0.950000000
0.730368839	0.913470334	0.703735129	0.943029880	0.645576935	0.876138300	0.119647807	0.205449660	0.950000000
0.713536459	0.908941435	0.695852189	0.938166870	0.632483843	0.870665475	0.073883620	0.233021269	0.920000000
0.700920485	0.907119736	0.679844992	0.932248563	0.617452989	0.865707403	0.165376106	0.206756825	0.880000000
0.694186678	0.906395526	0.680053090	0.931775231	0.618628823	0.864652572	0.434000820	0.134419976	0.840000000
0.700464808	0.908573975	0.679454979	0.930546861	0.626496153	0.864888022	-0.139008270	0.016881539	0.800000000
0.681965410	0.904651826	0.674935320	0.928947442	0.615897713	0.863840655	0.360474136	0.060163176	0.890000000
0.678837383	0.904432338	0.670785102	0.927268745	0.613693007	0.863651057	-0.015900291	0.151714513	0.910000000
0.661627663	0.900814393	0.676265384	0.928653538	0.613765787	0.864527324	0.321416221	0.132470223	0.910000000
0.649463058	0.898057399	0.693865848	0.936000457	0.626305889	0.868824824	-0.170416735	0.115493712	0.920000000
0.648923584	0.897992191	0.681171313	0.931963186	0.623481418	0.871672919	-0.030103712	0.002922161	0.910000000
0.639919348	0.895380109	0.670535686	0.930061850	0.617418638	0.873499040	-0.088415052	0.151834821	0.870000000
0.633645154	0.894064474	0.673339671	0.931880326	0.628359466	0.879228569	1.051513385	0.124653301	0.900000000
0.636281834	0.895518076	0.678131518	0.931495953	0.635939160	0.879094143	-0.489311221	0.174690333	0.940000000
0.642458429	0.898332082	0.675364553	0.928962183	0.623708954	0.873682549	1.017814354	0.065430279	0.890000000
0.654208575	0.902619907	0.668946498	0.923826187	0.612981966	0.868348823	0.170821264	0.137264393	0.970000000
0.677988900	0.910494299	0.660243583	0.921820634	0.602008627	0.864383662	0.713689889	0.057319274	0.920000000
0.707181970	0.919123083	0.649385633	0.922585826	0.589885640	0.862212825	0.043854414	0.103671653	0.920000000
0.736215495	0.928624617	0.652923646	0.929102278	0.588237987	0.863013277	0.003614040	0.056502906	0.910000000
0.773364177	0.939718266	0.663796614	0.938590562	0.592803703	0.866203466	-0.030913768	-0.023901180	0.920000000
0.781039583	0.944229554	0.687663574	0.952784156	0.598178527	0.869587370	0.191701396	-0.017386265	0.860000000
0.804028758	0.952551906	0.701155388	0.960243026	0.601421967	0.870207614	0.328278635	0.063734865	0.850000000
0.838643744	0.963210938	0.711724359	0.968367833	0.607988062	0.871253071	-0.477559270	0.061523542	0.820000000
0.890947053	0.977628223	0.731525972	0.982418327	0.613053616	0.874586007	0.540097146	0.083177531	0.960000000
0.906652774	0.985104806	0.742702142	0.991049374	0.615383915	0.878565037	-0.003215820	0.070104690	1.160000000
0.945430755	0.997334012	0.744609100	0.997235339	0.613174508	0.880152667	-0.301895958	0.013726092	1.210000000
0.956975753	1.002974776	0.752879522	1.004448993	0.623915119	0.884215053	-0.335359519	-0.062143669	1.290000000
0.980134553	1.010764531	0.757749417	1.008688790	0.637307051	0.886906542	-0.243313644	-0.056396279	1.380000000
1.027257645	1.023655100	0.781217249	1.015354571	0.663455821	0.892287144	-0.745144943	-0.151994413	1.420000000
1.085505591	1.039021499	0.803477639	1.025827404	0.687553549	0.898882552	-0.507531155	-0.134091514	1.360000000
1.175068351	1.060064535	0.835532485	1.040784153	0.707665462	0.909099360	-0.166815227	-0.119747022	1.390000000
1.222537455	1.072080940	0.882269262	1.061531868	0.735321836	0.922451949	-0.542595350	-0.151885701	1.490000000
1.298226689	1.089167921	0.941054775	1.092801033	0.768077957	0.937214851	-1.507967806	-0.193643320	1.510000000
1.424291213	1.114367717	1.015237168	1.121688899	0.818698318	0.954023171	-4.398230447	-0.329910450	1.660000000
1.546402931	1.135512607	1.080324607	1.151020648	0.820921383	0.962588249	0.917436685	-0.346407562	2.600000000
1.495396203	1.127272358	1.072182613	1.148793136	0.826089740	0.970672970	-1.239730594	-0.565760925	3.090000000
1.454256301	1.118794743	1.052508744	1.140603653	0.822808613	0.970688751	-2.984210452	-0.514086707	3.380000000
1.462816944	1.117626737	1.034371404	1.127320522	0.812237433	0.958486099	-2.389111609	-0.588331057	3.090000000
1.439268728	1.112056072	0.990985100	1.105524092	0.789686119	0.945353358	-0.626838960	-0.525799351	2.810000000
1.393579023	1.102761827	0.947787908	1.085172491	0.757500084	0.933844362	-1.588193564	-0.619085238	2.920000000
1.350755053	1.092829805	0.922006814	1.066053107	0.734099926	0.919811137	-0.892675688	-0.518974717	3.000000000
1.250497450	1.072941841	0.902842619	1.051237270	0.727005147	0.910932695	-1.053943990	-0.266584799	2.520000000
1.186210419	1.058360329	0.884206999	1.037383901	0.715622477	0.904698793	-0.414754320	-0.358081980	1.890000000
1.158993717	1.050362592	0.859935754	1.021636620	0.725181105	0.902058733	1.033847966	-0.251422503	1.680000000
1.105504280	1.038572699	0.820995828	1.002874720	0.705056165	0.894166719	1.102023589	-0.162346400	1.320000000
1.081596910	1.031878293	0.790230403	0.985671983	0.687508867	0.888869902	0.771043429	-0.167984116	1.180000000
1.069838469	1.027964235	0.770763017	0.972324133	0.679117826	0.885175753	0.290607078	-0.153657068	1.140000000
1.042356319	1.022200232	0.756988331	0.963320314	0.672767214	0.882803836	0.420597483	-0.005382276	1.130000000
1.031920501	1.019002005	0.750373588	0.958771932	0.673224677	0.881393128	0.282499447	-0.214758364	1.110000000
1.029355000	1.018090306	0.751965350	0.956651047	0.684527638	0.881812022	1.112727295	0.021573643	0.990000000
1.034847390	1.018746672	0.742468840	0.953893279	0.676099398	0.879375473	0.333478475	-0.053172020	0.990000000
1.050205504	1.022264672	0.730867549	0.948247189	0.679895370	0.878365105	0.648340782	0.125563802	1.000000000
1.067997768	1.026192437	0.716325921	0.943172408	0.680851374	0.875974457	0.414060567	0.186897972	0.960000000
1.109985292	1.034569038	0.711974396	0.942238299	0.683045319	0.872978925	1.544687127	0.400307283	1.090000000
1.113691002	1.035475337	0.681532313	0.933076668	0.653743006	0.868906011	0.193791555	-0.101841970	1.350000000
1.111137721	1.034684492	0.665683987	0.923936366	0.637568249	0.862557336	0.443061707	-0.053642725	1.290000000
1.108629184	1.033277583	0.651779954	0.917238858	0.626416362	0.858940759	0.372309169	-0.026065424	1.170000000
1.087123631	1.028576002	0.646402680	0.914744027	0.619648616	0.857801429	0.282210199	-0.039877913	1.130000000
1.008560215	1.011708040	0.647811023	0.915606221	0.614626160	0.858513148	-0.253974225	0.196934175	1.040000000
0.963125351	1.000770349	0.648753408	0.914901267	0.619263541	0.861685377	0.066897885	0.094115494	1.050000000
0.943246959	0.995017924	0.669049608	0.918564459	0.635416607	0.865829866	0.828013207	0.067280348	1.080000000
0.901541144	0.984601126	0.669413786	0.917488915	0.648210542	0.866723748	-0.070079340	0.032095124	1.050000000
0.881679168	0.979184404	0.673407379	0.919515163	0.649096000	0.867091301	-0.433591721	0.143537772	0.930000000
0.865036288	0.974792395	0.669202565	0.918708439	0.653201815	0.866867735	0.860355068	0.171516822	0.900000000
0.868422560	0.975213310	0.666994440	0.915839530	0.654209239	0.863875657	-0.421163487	0.263182067	0.860000000
0.890825014	0.979849688	0.660537553	0.915792289	0.634138359	0.860450151	0.195797767	0.055438478	0.820000000
0.926611222	0.987782919	0.659254073	0.914763979	0.619955335	0.856782416	0.242505804	0.178257899	0.760000000
0.986487411	1.000617217	0.667079335	0.917034459	0.613927956	0.855838370	0.473390243	0.053036733	0.830000000
1.059861155	1.015665174	0.666761714	0.919972156	0.608369497	0.855364091	0.490692252	0.081016113	0.990000000
1.107143087	1.025042480	0.654927076	0.915100999	0.609120105	0.855531074	-0.049298621	0.186012802	1.180000000
1.104421788	1.024526429	0.643004112	0.909250617	0.615124157	0.857552121	0.675176023	0.152483932	1.390000000
1.012129495	1.005293575	0.632183729	0.902512940	0.612911127	0.857323161	-0.130763766	0.110066579	1.270000000
0.947446721	0.990994700	0.627026951	0.897089442	0.611636516	0.856396185	0.398975117	0.155845947	1.320000000
0.914970457	0.982556514	0.625511729	0.892817754	0.606743504	0.854234602	0.711733121	0.253952171	1.380000000
0.871687621	0.971464324	0.610234305	0.888082674	0.592237555	0.851394655	0.280451257	0.192663120	1.290000000
0.848565111	0.964551576	0.606772732	0.886675031	0.592033914	0.850088428	-0.704781039	0.178836711	1.240000000
0.842561916	0.961826579	0.600583059	0.884818109	0.582880997	0.847503819	0.887039104	0.056054442	1.230000000
0.853680645	0.963224392	0.602708935	0.886219466	0.578998545	0.846697686	0.164728690	0.085889163	1.270000000
0.816594935	0.953276411	0.605735298	0.887554519	0.578301210	0.845075192	0.027595033	0.064928040	1.380000000
0.784574376	0.943846009	0.611949937	0.890998603	0.584813987	0.844957764	0.280915606	0.106629294	1.470000000
0.760916783	0.936384251	0.621069800	0.894470246	0.591375484	0.846336028	-0.473940456	0.141499621	1.430000000
0.740812100	0.930316233	0.621984422	0.893184312	0.594763046	0.847053573	0.121121863	0.134611043	1.350000000
0.732810444	0.927169610	0.625891857	0.890834852	0.601848530	0.846142230	0.254478105	0.098055246	1.110000000
0.729616161	0.924647062	0.639781073	0.890806715	0.618560712	0.847453761	0.547817891	0.110568176	1.010000000
0.738084108	0.925505806	0.644246696	0.891077840	0.634094020	0.850654475	0.270659763	0.180060736	0.980000000
0.746860285	0.928527256	0.636567530	0.894340756	0.618910608	0.852571234	-0.076039758	0.140562718	0.930000000
0.736716578	0.925637204	0.623316739	0.896144067	0.605753177	0.855105675	0.510474608	0.229653443	0.950000000
0.743314927	0.926772398	0.611122085	0.894104825	0.596122519	0.855577744	0.149772342	0.099524869	0.920000000
0.742791990	0.926674914	0.592889228	0.887983469	0.585868586	0.852891059	-0.046945886	0.141376084	0.860000000
0.755436549	0.929832480	0.582783326	0.883678381	0.585760680	0.851627532	0.018800684	0.160278831	0.840000000
0.765375937	0.932658812	0.573961868	0.879120296	0.590166216	0.852319334	0.216788984	0.107199247	0.920000000
0.788298198	0.937904912	0.575379976	0.876229621	0.610448401	0.855865568	-0.569076479	0.102685981	0.980000000
0.789016498	0.938097188	0.569558738	0.872914500	0.605010726	0.856970345	0.736581445	0.197008321	0.880000000
0.782267651	0.936463462	0.561611962	0.867973414	0.592786721	0.855000841	0.481129659	0.135264096	0.830000000
0.764483299	0.931990839	0.567750006	0.868042852	0.602394974	0.856206688	-0.054657237	0.138000044	0.780000000
0.759087483	0.929539399	0.573013954	0.869483335	0.607513475	0.857691140	0.335767187	0.212104616	0.750000000
0.759255535	0.928890354	0.580784024	0.869742284	0.619823021	0.859772710	0.173144224	0.032759556	0.760000000
0.766580685	0.931141257	0.588441180	0.868724351	0.642119952	0.863247225	-0.476308678	0.136019311	0.700000000
0.764316357	0.929923699	0.585355784	0.866332744	0.637792801	0.862165086	0.806598656	0.122041596	0.650000000
0.750031549	0.926272501	0.572402717	0.862149537	0.621267720	0.858456269	0.769310603	0.197275917	0.680000000
0.745455507	0.924589409	0.564384919	0.860049044	0.604719734	0.853975694	0.145250001	0.224363012	0.660000000
0.745892990	0.924028633	0.561326229	0.861713560	0.591114024	0.850284648	0.395605964	0.153867856	0.600000000
0.762878709	0.927391312	0.564800799	0.867614999	0.588499242	0.848336293	0.446380792	0.220636040	0.550000000
0.789799993	0.932920688	0.581108441	0.878670483	0.595387283	0.849030983	0.080825528	0.166955760	0.570000000
0.792663276	0.933496624	0.594746190	0.889095755	0.593716353	0.848702712	-0.007984556	0.156627231	0.610000000
0.797819469	0.933054489	0.606286249	0.897843057	0.587155348	0.848492256	0.356875684	0.205112095	0.690000000
0.776247310	0.927687642	0.624485917	0.909446581	0.590174924	0.850141206	0.065429691	0.143185471	0.770000000
0.754430587	0.922124636	0.658913554	0.924545558	0.595675748	0.851980292	0.982154158	0.236522446	0.870000000
0.742660834	0.918602294	0.676594780	0.936348377	0.597862840	0.855442973	-0.158157675	0.208190812	0.950000000
0.744989000	0.918123255	0.694097577	0.946524831	0.603048816	0.857604338	-0.496545163	0.157281413	0.990000000
0.742217489	0.916986097	0.701868925	0.952312403	0.602589563	0.858144777	-0.125561621	0.188269786	0.900000000
0.725469429	0.913853357	0.698031063	0.949083945	0.602869671	0.856567816	-0.324167182	0.059604061	0.900000000
0.726877959	0.915110578	0.689481933	0.946281174	0.601925464	0.854165208	-0.229424708	0.177891221	0.960000000
0.777949139	0.946676064	0.646100629	0.911303024	0.606649695	0.868986041	-0.442282984	0.242216493	0.907500000
0.796987290	0.952328659	0.630077526	0.905224872	0.602933048	0.870135062	-0.315001851	0.120815611	0.934545455
0.828264070	0.960733313	0.623016815	0.902848871	0.602930009	0.871642284	0.646008219	0.198999358	1.050909091
0.859339697	0.969829910	0.618321579	0.901266765	0.596600762	0.871228236	-0.184021074	0.094372179	1.152380952
0.872445594	0.972845914	0.620232095	0.899713215	0.594290275	0.867564250	-0.279496731	0.105540897	1.272380952
0.877272173	0.974352023	0.618124756	0.897227327	0.589958167	0.865302754	-0.484723532	0.213670708	1.389523810
0.870651482	0.971998905	0.626999883	0.898476097	0.589890805	0.863106390	-0.738451773	0.160612713	1.402105263
0.885821484	0.974572541	0.647828062	0.900062869	0.591455097	0.862525546	-0.491612324	0.188364797	1.484545455
0.896108408	0.976886587	0.642052750	0.899143355	0.598284613	0.864175046	0.522653484	0.092956939	1.446315789
0.861808477	0.968130283	0.635221471	0.898055679	0.603989883	0.864574616	-0.519826432	0.137560226	1.382500000
0.847396512	0.963855133	0.627692571	0.897703628	0.600171472	0.863678372	-0.744756148	0.177815588	1.313181818
0.806982722	0.953253283	0.605001306	0.888693525	0.590650400	0.861731272	0.337646556	0.134343111	1.169047619
0.782403808	0.946113184	0.589293164	0.882932098	0.583922003	0.861024306	-0.227036972	0.031281499	1.026666667
0.773237628	0.942652609	0.582474446	0.880266279	0.578364227	0.859316776	0.471258849	0.170952050	1.027727273
0.774691308	0.941571390	0.579548564	0.881100492	0.569394949	0.857951906	0.117140235	0.259459159	0.934000000
0.770102963	0.939028150	0.574641683	0.878271491	0.563207047	0.856772833	-0.150821968	0.098256297	0.924782609
0.778368326	0.940141153	0.571119098	0.876473048	0.561567751	0.856461406	-0.105569109	0.210836294	0.898095238
0.801498452	0.944627082	0.576356203	0.879368943	0.568497205	0.857392393	0.015594400	0.068291404	0.865500000
0.814535911	0.946632320	0.588161716	0.884914618	0.577954831	0.860288797	-0.418040873	0.080652944	0.845500000
0.759260711	0.933027651	0.594026602	0.886338201	0.581748388	0.862145471	0.681259459	0.154976822	0.771904762
0.722903478	0.923385687	0.588637110	0.880439423	0.578593139	0.859127879	-0.263218586	0.151298415	0.739000000
0.697125169	0.915862820	0.582174051	0.876135409	0.582058734	0.858044825	-0.402281929	0.151069849	0.689473684
0.680173333	0.909837386	0.579296029	0.875068974	0.581208269	0.857413385	0.657724117	0.082963085	0.675217391
0.672077120	0.906691175	0.579739476	0.874034547	0.587561500	0.859160559	1.013593651	0.140440779	0.701578947
0.673978992	0.906169244	0.578890957	0.874059993	0.587857706	0.861280946	0.118303478	0.140927935	0.698181818
0.674119060	0.905988540	0.573037376	0.871453377	0.586006619	0.863253245	0.205798029	0.138680148	0.691363636
0.677734794	0.906581438	0.572450780	0.868773484	0.586879281	0.861486539	-0.239755989	0.128937189	0.691500000
0.690278385	0.910011679	0.578343490	0.868220991	0.590081360	0.860218133	-0.414716762	0.100155343	0.675652174
0.706276720	0.914591247	0.585358543	0.868804358	0.595124388	0.860170884	0.103164161	0.059896950	0.674000000
0.702117072	0.915823996	0.586151989	0.867814249	0.599428899	0.859415556	1.224295133	0.097274279	0.719090909
0.706184579	0.919187558	0.575994721	0.866144044	0.586027446	0.857014516	0.238962678	0.151546041	0.692500000
0.714244672	0.923442727	0.575680051	0.865742408	0.588954986	0.856592612	0.195332986	0.101782552	0.716000000
0.734868367	0.931016864	0.582568003	0.868320084	0.600058569	0.858372747	-0.001872596	0.092866875	0.708571429
0.755202329	0.937578105	0.586804884	0.870622497	0.607802861	0.860307174	0.242160663	0.266829202	0.684736842
0.753459880	0.938041594	0.579902942	0.868046442	0.600094921	0.857948306	0.488635463	0.152647007	0.774285714
0.764200266	0.941516932	0.583327689	0.866824942	0.612785057	0.859070308	1.095858190	0.095764769	0.822857143
0.787624224	0.948008057	0.587642725	0.867462526	0.627107947	0.862418098	-0.904566542	0.214253952	0.830454545
0.803499678	0.953373443	0.576162215	0.864685976	0.612655930	0.861299067	0.773932318	0.147236789	0.879523810
0.836675031	0.962833038	0.566906781	0.862521606	0.602017357	0.859696374	0.161307067	0.040950866	0.917142857
0.884793741	0.975745100	0.561742019	0.862934357	0.592225192	0.858615682	0.644272911	0.173802174	0.881304348
0.946415989	0.991714953	0.562885496	0.865827318	0.586878562	0.858745514	0.065054527	0.052921040	0.906842105
1.035123575	1.012690245	0.573358304	0.871893263	0.590024360	0.860695402	-0.110339006	0.112481420	0.921739130
1.068218401	1.021977680	0.591440672	0.881184046	0.600738792	0.863703037	0.079306452	0.060858981	1.007500000
1.133590874	1.036719693	0.611963875	0.886282831	0.620571969	0.867811021	0.024500184	0.128327663	1.118421053
1.115220402	1.034751610	0.614391736	0.888960440	0.624641696	0.869531997	-0.666522304	0.166879159	1.190952381
1.059496006	1.024462174	0.609276688	0.889381166	0.616065346	0.870790521	-0.547908849	0.003998427	1.157368421
1.036617776	1.019829309	0.606955324	0.888831475	0.615562688	0.872503419	0.037528049	0.153266918	1.061904762
1.034921628	1.020301920	0.618722178	0.892631439	0.628370976	0.875639304	-0.586597714	0.198276722	1.008571429
1.057837824	1.025627069	0.618842264	0.897031404	0.625605769	0.878861223	0.115309835	0.018593162	0.954090909
1.043828339	1.023197131	0.622125819	0.902649080	0.628483999	0.883866187	0.044427195	0.144734134	1.039500000
1.017629702	1.018124633	0.628513578	0.908068565	0.639619731	0.891016171	-0.486060387	0.064306976	0.985909091
1.020203880	1.018637366	0.642062908	0.917493635	0.654854047	0.900331360	0.682572483	0.155695129	0.896363636
1.008673866	1.018108252	0.658144224	0.927265150	0.675316822	0.910626050	-0.338944172	0.128331492	0.882500000
1.014106792	1.021260309	0.687175386	0.941879812	0.709293955	0.924737666	-0.847836266	0.062762197	0.916818182
1.046778225	1.030118991	0.725454392	0.960988626	0.757295558	0.943685349	0.500676432	0.137329988	0.883684211
1.103557613	1.043742005	0.777198394	0.985909845	0.810364911	0.965254798	-0.232668449	0.083735528	0.871428571
1.194565103	1.063934029	0.857666845	1.022549545	0.896200759	0.995794862	-0.657513858	0.155472842	0.830952381
1.316615476	1.088692470	0.967931229	1.073746008	1.017696554	1.038463985	0.335660146	0.171675514	0.832105263
1.443316131	1.112674469	1.164155445	1.146787032	1.245509635	1.103054630	-3.990542620	-0.917316734	1.270000000
1.346748771	1.099522141	1.211270014	1.155396301	1.318355923	1.116467296	-14.142247902	-13.566387223	1.698571429
1.227617346	1.078179456	1.236585619	1.155934643	1.401982459	1.129992472	1.640291453	2.005765810	1.451500000
1.151115473	1.062596536	1.186935841	1.132959102	1.347211726	1.106463634	6.347249159	3.480907998	1.205000000
1.114731933	1.054077208	1.108703119	1.102754637	1.243275954	1.078028044	3.678711230	1.150569110	1.168636364
1.102720476	1.049976710	1.031769985	1.070895685	1.161185872	1.055341164	0.973196043	1.123119457	1.028095238
1.106367196	1.048691567	0.952748775	1.045146047	1.079322162	1.039986764	0.012505093	0.675335005	1.050952381
1.118036621	1.050273558	0.895259279	1.021888749	1.017028557	1.024511781	0.801742484	0.487409184	1.085238095
1.157558571	1.056948593	0.864695970	1.007849903	0.980992893	1.015120519	0.353109679	0.189525554	0.993684211
1.099401348	1.045275542	0.853820636	1.001183214	0.974918150	1.011879219	1.311285511	-0.128213212	0.903181818
1.073522289	1.039133580	0.857821083	0.999448920	0.989489574	1.014131790	0.526452557	0.256054101	0.792631579
1.062422415	1.035553860	0.888593344	1.005077974	1.042721657	1.024493124	-3.360057700	0.356160741	0.721052632
1.013343279	1.026035894	0.887044850	1.007597514	1.039819061	1.028357066	2.856578623	0.574528315	0.707391304
0.976784596	1.018701902	0.844340478	0.993287251	0.954938321	1.005440594	0.175785788	0.253039946	0.704761905
0.950608096	1.013565241	0.821392855	0.983113127	0.909117031	0.989760848	0.883475786	0.291125848	0.664000000
0.937885920	1.011197328	0.803852026	0.977737592	0.867954755	0.980264843	0.366808956	0.548844393	0.658181818
0.934495116	1.010920391	0.788178854	0.976403498	0.858590375	0.979040935	0.453086145	0.638423348	0.675714286
0.944006931	1.013494025	0.777860841	0.974673356	0.849097475	0.974513636	-0.207892809	0.331836548	0.691363636
0.974133000	1.020256745	0.785890446	0.977082230	0.862768648	0.974946280	-1.192362504	0.316477188	0.700952381
0.976380030	1.021994260	0.773241844	0.977892412	0.825772293	0.969117727	1.334599098	0.580183059	0.670000000
0.992495442	1.026350033	0.766119158	0.977636011	0.811054756	0.962835207	0.675749830	0.428757009	0.659047619
1.016518349	1.032650873	0.777919558	0.984264383	0.810166202	0.960721663	-0.290710001	0.385373242	0.651904762
1.057663412	1.042336143	0.804161147	0.996712124	0.820541820	0.960570818	-0.385538901	0.150219320	0.651000000
1.031002077	1.038996688	0.809092952	1.004409793	0.808774936	0.958244077	0.617737994	0.579310161	0.717368421
1.029923645	1.038053453	0.815323581	1.012769911	0.796179299	0.957101848	0.577952529	0.312178956	0.861304348
1.055753254	1.041904771	0.824361357	1.020225625	0.790661432	0.957094495	0.048611971	0.201524982	0.895000000
1.083682364	1.045706236	0.826155372	1.024358267	0.774967605	0.953653337	-0.105043322	0.158917515	0.981904762
1.141573166	1.056161731	0.836695690	1.030340479	0.777174708	0.953402558	-0.311833869	0.303505122	1.031904762
1.152007803	1.057421203	0.849262093	1.038816115	0.770354186	0.952311363	0.202728497	0.456833800	1.155500000
1.152906893	1.056923358	0.810986868	1.029324890	0.733929863	0.946627568	-0.125247583	0.154852368	1.083043478
1.175775841	1.060685068	0.791632516	1.024327609	0.712663793	0.941681914	0.193193237	0.148089193	1.106190476
1.164570926	1.057746949	0.776509035	1.016596127	0.709107392	0.939616405	-0.038411275	0.260564252	1.158095238
1.125533890	1.049564756	0.776593644	1.010479765	0.725573674	0.941264079	-0.294449347	0.192966156	1.168500000
1.114145087	1.045624328	0.781177964	1.003396782	0.746115484	0.943284518	-1.184540080	0.081706764	1.165238095
1.105017631	1.041837086	0.775289688	0.996916431	0.743993690	0.943572969	0.737602422	0.287684014	1.102500000
1.060799076	1.031833464	0.744044157	0.984901891	0.711465243	0.938472899	0.135821357	0.197699961	1.030000000
1.035376951	1.025123951	0.728239490	0.975380748	0.691389479	0.931053402	0.375777547	0.054808300	1.118260870
1.011993664	1.019112808	0.710568996	0.966973495	0.673325387	0.925065098	0.229886863	0.139201268	1.067894737
1.013417233	1.018327135	0.695139906	0.958542060	0.662791738	0.920691263	-0.320899902	0.146086867	1.099090909
1.023104804	1.018548192	0.682765381	0.949911272	0.653666198	0.914463139	-0.804786481	0.165152236	1.103809524
1.015581730	1.015604010	0.668917659	0.944345695	0.640590503	0.909899568	0.783085618	0.094950311	1.077500000
1.023856746	1.016198353	0.667775795	0.942982901	0.639356284	0.908628643	-0.066816693	0.100628770	1.064782609
1.033499385	1.017778369	0.659630943	0.940035401	0.648516552	0.910283998	0.180124531	0.101167913	1.029500000
1.043720356	1.019155911	0.664549988	0.941267342	0.670043865	0.915046371	-0.548117904	0.118976038	1.015238095
1.055132799	1.020341328	0.662645132	0.937168339	0.678735596	0.914155305	0.392385649	0.090084334	1.010000000
1.043590041	1.016549294	0.657088504	0.931963675	0.682550722	0.911320345	-0.258901106	0.171708338	0.903000000
1.009683700	1.009652841	0.662435567	0.927898728	0.696710533	0.910486643	-1.382028489	0.075829988	0.809047619
0.989540896	1.005306056	0.647032168	0.920668499	0.679941345	0.905193467	1.065334502	0.141357156	0.740500000
0.975019679	1.001581086	0.626558473	0.912033206	0.650415012	0.896814080	0.171862005	0.156417903	0.746000000
0.977622471	1.001278904	0.617389226	0.908319641	0.635262511	0.890754147	-0.213352388	0.074912549	0.723636364
0.961487334	0.997212352	0.611958735	0.905130057	0.625444078	0.885369183	0.616193180	0.122434738	0.698181818
0.957543429	0.995585218	0.602622323	0.901298353	0.619373598	0.882516306	0.030730037	0.055123299	0.691578947
0.966351341	0.997092503	0.603036335	0.901225292	0.619468402	0.880002141	-0.914330432	0.055726182	0.718181818
0.946850692	0.993781664	0.604241964	0.904184031	0.615040311	0.878527659	0.454277237	0.044935856	0.737727273
0.942779540	0.994086445	0.606189887	0.904129214	0.614384723	0.878403531	-0.621758072	0.151827625	0.735000000
0.962678610	0.999678648	0.614859548	0.904599270	0.627441349	0.880200196	-0.340128360	0.027792867	0.684090909
1.006040051	1.009441596	0.619172867	0.902352668	0.632651596	0.881668611	-0.178102501	0.164816429	0.640526316
1.016593251	1.013242230	0.632809795	0.902817522	0.639216461	0.882323505	1.036780188	0.203632604	0.604761905
0.990911271	1.009060237	0.644312140	0.906183853	0.657589426	0.884614996	-0.262086461	0.069836796	0.613809524
0.981053513	1.005772885	0.653007657	0.908506892	0.663065633	0.886201595	1.028622539	0.064129567	0.602631579
0.966094354	1.002295522	0.661955600	0.910893235	0.655997093	0.887500373	-0.058276530	0.075398197	0.642857143
0.940866970	0.996636815	0.648625549	0.907628172	0.643882265	0.886319952	0.086561548	0.099199498	0.730952381
0.925831785	0.992797656	0.640259644	0.904080399	0.644124499	0.885191972	-0.160717802	0.011917232	0.742857143
0.912034137	0.989585970	0.629021770	0.902752254	0.633774410	0.883958588	0.506807905	-0.008152924	0.687500000
